Applications Graphics Acceleration Info:
Uptime: 247571809 Realtime: 685766311

** Graphics info for pid 7373 [com.chasel.ng2.n] **

Stats since: 247537163214215ns
Total frames rendered: 6318
Janky frames: 1 (0.02%)
Janky frames (legacy): 198 (3.13%)
50th percentile: 5ms
90th percentile: 9ms
95th percentile: 9ms
99th percentile: 17ms
Number Missed Vsync: 0
Number High input latency: 11880
Number Slow UI thread: 0
Number Slow bitmap uploads: 0
Number Slow issue draw commands: 1
Number Frame deadline missed: 1
Number Frame deadline missed (legacy): 0
HISTOGRAM: 5ms=5334 6ms=42 7ms=24 8ms=88 9ms=534 10ms=56 11ms=20 12ms=2 13ms=4 14ms=2 15ms=6 16ms=10 17ms=144 18ms=48 19ms=2 20ms=0 21ms=0 22ms=0 23ms=0 24ms=2 25ms=0 26ms=0 27ms=0 28ms=0 29ms=0 30ms=0 31ms=0 32ms=0 34ms=0 36ms=0 38ms=0 40ms=0 42ms=0 44ms=0 46ms=0 48ms=0 53ms=0 57ms=0 61ms=0 65ms=0 69ms=0 73ms=0 77ms=0 81ms=0 85ms=0 89ms=0 93ms=0 97ms=0 101ms=0 105ms=0 109ms=0 113ms=0 117ms=0 121ms=0 125ms=0 129ms=0 133ms=0 150ms=0 200ms=0 250ms=0 300ms=0 350ms=0 400ms=0 450ms=0 500ms=0 550ms=0 600ms=0 650ms=0 700ms=0 750ms=0 800ms=0 850ms=0 900ms=0 950ms=0 1000ms=0 1050ms=0 1100ms=0 1150ms=0 1200ms=0 1250ms=0 1300ms=0 1350ms=0 1400ms=0 1450ms=0 1500ms=0 1550ms=0 1600ms=0 1650ms=0 1700ms=0 1750ms=0 1800ms=0 1850ms=0 1900ms=0 1950ms=0 2000ms=0 2050ms=0 2100ms=0 2150ms=0 2200ms=0 2250ms=0 2300ms=0 2350ms=0 2400ms=0 2450ms=0 2500ms=0 2550ms=0 2600ms=0 2650ms=0 2700ms=0 2750ms=0 2800ms=0 2850ms=0 2900ms=0 2950ms=0 3000ms=0 3050ms=0 3100ms=0 3150ms=0 3200ms=0 3250ms=0 3300ms=0 3350ms=0 3400ms=0 3450ms=0 3500ms=0 3550ms=0 3600ms=0 3650ms=0 3700ms=0 3750ms=0 3800ms=0 3850ms=0 3900ms=0 3950ms=0 4000ms=0 4050ms=0 4100ms=0 4150ms=0 4200ms=0 4250ms=0 4300ms=0 4350ms=0 4400ms=0 4450ms=0 4500ms=0 4550ms=0 4600ms=0 4650ms=0 4700ms=0 4750ms=0 4800ms=0 4850ms=0 4900ms=0 4950ms=0
50th gpu percentile: 2ms
90th gpu percentile: 7ms
95th gpu percentile: 8ms
99th gpu percentile: 15ms
GPU HISTOGRAM: 1ms=6 2ms=5202 3ms=130 4ms=56 5ms=54 6ms=110 7ms=304 8ms=212 9ms=26 10ms=4 11ms=6 12ms=8 13ms=14 14ms=30 15ms=100 16ms=52 17ms=4 18ms=0 19ms=0 20ms=0 21ms=0 22ms=0 23ms=0 24ms=0 25ms=0 4950ms=0

Pipeline=Skia (Vulkan)
Memory policy:
  Max surface area: 3240320
  Max resource usage: 466.61MB (x48)
  Background retention: 50% (altUiHidden = true)
  GPU Context timeout: 10
Contexts: 1 (stopped = 0)
CPU Caches:
  Glyph Cache: 4.67 MB (1 entry)
  Glyph Count: 30 
Total CPU memory usage:
  4901700 bytes, 4.67 MB (0.00 bytes is purgeable)
GPU Caches:
  Other:
    Other: 25.25 KB (1 entry)
    Buffer Object: 2.50 KB (4 entries)
    GrVkImage: 608.00 KB (4 entries)
  Image:
    Surface: 84.50 KB (2 entries)
  Scratch:
    Surface: 4.00 MB (3 entries)
    GrVkTextureRenderTarget: 49.51 MB (5 entries)
    Buffer Object: 494.00 KB (13 entries)
    GrVkImage: 256.00 KB (11 entries)
Total GPU memory usage:
  57610628 bytes, 54.94 MB (834.50 KB is purgeable)
Detail dimensions: 
GrVkImage:				0		{1220x2656}	4
GrVkTextureRenderTarget:				12961280		{1220x2656}	4
GrVkImage:				262144		{512x128}	2
Buffer Object:				49152		{0x0}	1
Surface:				2097152		{2048x1024}	2
GrVkImage:				0		{512x128}	1
GrVkImage:				0		{2048x1024}	2
GrVkImage:				0		{128x1}	1
Surface:				43264		{104x104}	2
Surface:				128		{128x1}	1
Buffer Object:				30720		{0x0}	1
GrVkImage:				0		{104x104}	2
GrVkImage:				32768		{128x64}	1
GrVkImage:				262144		{256x256}	1
GrVkImage:				65536		{256x64}	1
Buffer Object:				65536		{0x0}	2
Buffer Object:				32768		{0x0}	9
Buffer Object:				272		{0x0}	1
Buffer Object:				192		{0x0}	1
Buffer Object:				1920		{0x0}	1
Buffer Object:				180		{0x0}	1
GrVkTextureRenderTarget:				65536		{512x128}	1

GraphicBufferAllocator buffers:
            Handle |         Size |     W (Stride) x H | Layers |   Format |      Usage | Requestor
0xb400007badc6f800 |    52.00 KiB |  104 ( 128) x  104 |      1 |        1 | 0x     100 | AHardwareBuffer pid [7373]
0xb400007badc787b0 |    52.00 KiB |  104 ( 128) x  104 |      1 |        1 | 0x     100 | AHardwareBuffer pid [7373]
0xb400007badc78e90 |    52.00 KiB |  104 ( 128) x  104 |      1 |        1 | 0x     100 | AHardwareBuffer pid [7373]
0xb400007badc7ce80 |    52.00 KiB |  104 ( 128) x  104 |      1 |        1 | 0x     100 | AHardwareBuffer pid [7373]
0xb400007badc80000 | 13280.00 KiB | 1220 (1280) x 2656 |      1 |        1 | 0x10000b00 | VRI[MainActivity]#0(BLAST Consumer)0
0xb400007badc80790 | 13280.00 KiB | 1220 (1280) x 2656 |      1 |        1 | 0x10000b00 | VRI[MainActivity]#0(BLAST Consumer)0
0xb400007badc808f0 | 13280.00 KiB | 1220 (1280) x 2656 |      1 |        1 | 0x10000b00 | VRI[MainActivity]#0(BLAST Consumer)0
0xb400007badc81130 | 13280.00 KiB | 1220 (1280) x 2656 |      1 |        1 | 0x10000b00 | VRI[MainActivity]#0(BLAST Consumer)0
0xb400007badc84570 |    52.00 KiB |  104 ( 128) x  104 |      1 |        1 | 0x     100 | AHardwareBuffer pid [7373]
0xb400007badc85c20 |    52.00 KiB |  104 ( 128) x  104 |      1 |        1 | 0x     100 | AHardwareBuffer pid [7373]
Total allocated by GraphicBufferAllocator (estimate): 53432.00 KB
Imported gralloc buffers:
+ name:AHardwareBuffer pid [7373], id:256059, size:52.00KiB, w/h:104x104, usage: 0x100, req fmt:1, fourcc/mod:875708993/0, dataspace: 0x0, compressed: false
+ name:AHardwareBuffer pid [7373], id:256057, size:52.00KiB, w/h:104x104, usage: 0x100, req fmt:1, fourcc/mod:875708993/0, dataspace: 0x0, compressed: false
+ name:AHardwareBuffer pid [7373], id:256060, size:52.00KiB, w/h:104x104, usage: 0x100, req fmt:1, fourcc/mod:875708993/0, dataspace: 0x0, compressed: false
+ name:AHardwareBuffer pid [7373], id:256056, size:52.00KiB, w/h:104x104, usage: 0x100, req fmt:1, fourcc/mod:875708993/0, dataspace: 0x0, compressed: false
+ name:AHardwareBuffer pid [7373], id:256055, size:52.00KiB, w/h:104x104, usage: 0x100, req fmt:1, fourcc/mod:875708993/0, dataspace: 0x0, compressed: false
+ name:AHardwareBuffer pid [7373], id:256058, size:52.00KiB, w/h:104x104, usage: 0x100, req fmt:1, fourcc/mod:875708993/0, dataspace: 0x0, compressed: false
+ name:VRI[MainActivity]#0(BLAST Consumer)0, id:256054, size:13364.00KiB, w/h:1220x2656, usage: 0x10000b00, req fmt:1, fourcc/mod:0/0, dataspace: 0x8810000, compressed: true
+ name:VRI[MainActivity]#0(BLAST Consumer)0, id:256052, size:13364.00KiB, w/h:1220x2656, usage: 0x10000b00, req fmt:1, fourcc/mod:0/0, dataspace: 0x8810000, compressed: true
+ name:VRI[MainActivity]#0(BLAST Consumer)0, id:256053, size:13364.00KiB, w/h:1220x2656, usage: 0x10000b00, req fmt:1, fourcc/mod:0/0, dataspace: 0x8810000, compressed: true
+ name:VRI[MainActivity]#0(BLAST Consumer)0, id:256051, size:13364.00KiB, w/h:1220x2656, usage: 0x10000b00, req fmt:1, fourcc/mod:0/0, dataspace: 0x8810000, compressed: true
Total imported by gralloc: 53768.00KiB

Profile data in ms:

	com.chasel.ng2.n/com.chasel.ng2n.MainActivity/android.view.ViewRootImpl@8679fe0 (visibility=0)
Window: com.chasel.ng2.n/com.chasel.ng2n.MainActivity
Stats since: 247537163214059ns
Total frames rendered: 6318
Janky frames: 1 (0.02%)
Janky frames (legacy): 198 (3.13%)
50th percentile: 5ms
90th percentile: 9ms
95th percentile: 9ms
99th percentile: 17ms
Number Missed Vsync: 0
Number High input latency: 11880
Number Slow UI thread: 0
Number Slow bitmap uploads: 0
Number Slow issue draw commands: 1
Number Frame deadline missed: 1
Number Frame deadline missed (legacy): 0
HISTOGRAM: 5ms=5334 6ms=42 7ms=24 8ms=88 9ms=534 10ms=56 11ms=20 12ms=2 13ms=4 14ms=2 15ms=6 16ms=10 17ms=144 18ms=48 19ms=2 20ms=0 21ms=0 22ms=0 23ms=0 24ms=2 25ms=0 26ms=0 27ms=0 28ms=0 29ms=0 30ms=0 31ms=0 32ms=0 34ms=0 36ms=0 38ms=0 40ms=0 42ms=0 44ms=0 46ms=0 48ms=0 53ms=0 57ms=0 61ms=0 65ms=0 69ms=0 73ms=0 77ms=0 81ms=0 85ms=0 89ms=0 93ms=0 97ms=0 101ms=0 105ms=0 109ms=0 113ms=0 117ms=0 121ms=0 125ms=0 129ms=0 133ms=0 150ms=0 200ms=0 250ms=0 300ms=0 350ms=0 400ms=0 450ms=0 500ms=0 550ms=0 600ms=0 650ms=0 700ms=0 750ms=0 800ms=0 850ms=0 900ms=0 950ms=0 1000ms=0 1050ms=0 1100ms=0 1150ms=0 1200ms=0 1250ms=0 1300ms=0 1350ms=0 1400ms=0 1450ms=0 1500ms=0 1550ms=0 1600ms=0 1650ms=0 1700ms=0 1750ms=0 1800ms=0 1850ms=0 1900ms=0 1950ms=0 2000ms=0 2050ms=0 2100ms=0 2150ms=0 2200ms=0 2250ms=0 2300ms=0 2350ms=0 2400ms=0 2450ms=0 2500ms=0 2550ms=0 2600ms=0 2650ms=0 2700ms=0 2750ms=0 2800ms=0 2850ms=0 2900ms=0 2950ms=0 3000ms=0 3050ms=0 3100ms=0 3150ms=0 3200ms=0 3250ms=0 3300ms=0 3350ms=0 3400ms=0 3450ms=0 3500ms=0 3550ms=0 3600ms=0 3650ms=0 3700ms=0 3750ms=0 3800ms=0 3850ms=0 3900ms=0 3950ms=0 4000ms=0 4050ms=0 4100ms=0 4150ms=0 4200ms=0 4250ms=0 4300ms=0 4350ms=0 4400ms=0 4450ms=0 4500ms=0 4550ms=0 4600ms=0 4650ms=0 4700ms=0 4750ms=0 4800ms=0 4850ms=0 4900ms=0 4950ms=0
50th gpu percentile: 2ms
90th gpu percentile: 7ms
95th gpu percentile: 8ms
99th gpu percentile: 15ms
GPU HISTOGRAM: 1ms=6 2ms=5202 3ms=130 4ms=56 5ms=54 6ms=110 7ms=304 8ms=212 9ms=26 10ms=4 11ms=6 12ms=8 13ms=14 14ms=30 15ms=100 16ms=52 17ms=4 18ms=0 19ms=0 20ms=0 21ms=0 22ms=0 23ms=0 24ms=0 25ms=0 4950ms=0


RenderLite trim renderNode error: 0

---PROFILEDATA---
Flags,FrameTimelineVsyncId,IntendedVsync,Vsync,InputEventId,HandleInputStart,AnimationStart,PerformTraversalsStart,DrawStart,FrameDeadline,FrameStartTime,FrameInterval,WorkloadTarget,SyncQueued,SyncStart,IssueDrawCommandsStart,SwapBuffers,FrameCompleted,DequeueBufferDuration,QueueBufferDuration,GpuCompleted,SwapBuffersCompleted,DisplayPresentTime,CommandSubmissionCompleted,
32,133277204,247570317902998,247570317902998,-492447325,247570318321182,247570318768734,247570318952171,247570318982119,247585606864588,247570318301234,8283257,13666666,247570319167484,247570319255088,247570319320036,247570320693890,247570326780973,8698,200729,247570326780973,247570320974567,0,247570320693890,
32,133277212,247570325771095,247570325771095,-217592418,247570326219619,247570326888734,247570327086338,247570327117484,247585623431102,247570326199932,8283257,13666666,247570327324671,247570327532171,247570327691807,247570329254411,247570335027796,22812,351719,247570335027796,247570329718786,0,247570329254411,
32,133277220,247570334054352,247570334054352,-501360320,247570334347380,247570334899359,247570335168525,247570335208942,247585639997616,247570334325817,8283257,13666666,247570335419880,247570335474984,247570335558317,247570337140244,247570343557327,8959,199740,247570343557327,247570337413369,0,247570337140244,
32,133277228,247570342311970,247570342311970,-1000144237,247570342838005,247570343291911,247570343521650,247570343551338,247585656560984,247570342816442,8280111,13666666,247570343743473,247570343796755,247570343872223,247570345333213,247570351546807,6823,193854,247570351546807,247570345601286,0,247570345333213,
32,133277236,247570350607765,247570350607765,-117109464,247570351262171,247570351713786,247570352245869,247570352276338,247585673123206,247570351241911,8282111,13666666,247570352380088,247570352451390,247570352539098,247570353558109,247570360156755,7917,168178,247570360156755,247570353789775,0,247570353558109,
32,133277244,247570358926084,247570358926084,-1071919295,247570359777223,247570360538890,247570361130817,247570361158369,247585689690096,247570359756859,8284779,13666666,247570361911911,247570361974515,247570362047640,247570363225557,247570368313838,8646,184635,247570368313838,247570363479515,0,247570363225557,
32,133277252,247570367238043,247570367238043,-340844401,247570367827484,247570368327640,247570368455140,247570368476598,247585706262344,247570367803734,8287469,13666666,247570368641338,247570368682952,247570368737223,247570369537900,247570377115921,5833,151822,247570377115921,247570369740452,0,247570369537900,
32,133277260,247570375558844,247570375558844,-412427186,247570377015244,247570377457744,247570377635921,247570377666130,247585722842181,247570376997015,8292368,13666666,247570377867484,247570377909150,247570377978213,247570379061702,247570385209984,7969,196302,247570385209984,247570379328109,0,247570379061702,
32,133277268,247570383879648,247570383879648,-1020400723,247570384991963,247570385536755,247570385712327,247570385741390,247585739426917,247570384971963,8292368,13666666,247570386020192,247570386137900,247570386208369,247570387972536,247570394271338,9271,196667,247570394271338,247570388290192,0,247570387972536,
32,133277276,247570392209808,247570392209808,-220223768,247570392718317,247570393371234,247570393659932,247570393703994,247585756013802,247570392702952,8294517,13666666,247570394771130,247570394829463,247570394976130,247570396121442,247570401912952,8542,191979,247570401912952,247570396380609,0,247570396121442,
32,133277284,247570400532324,247570400532324,-466888451,247570401603005,247570402235244,247570402853994,247570402882900,247585772604787,247570401575765,8296468,13666666,247570403676911,247570403748057,247570403839202,247570405022015,247570410734046,9792,215834,247570410734046,247570405315609,0,247570405022015,
32,133277292,247570408848593,247570408848593,-460917298,247570409347484,247570410023682,247570410580036,247570410613213,247585789199489,247570409326494,8298234,13666666,247570410710765,247570410782900,247570410878317,247570412242848,247570418284150,7760,186615,247570418284150,247570412494932,7306934700536131427,247570412242848,
32,133277300,247570417172124,247570417172124,-770023876,247570418143525,247570418800973,247570419092015,247570419136025,247585805797553,247570418106234,8299830,13666666,247570419279098,247570419326702,247570419474150,247570420372432,247570426576598,6510,151510,247570426576598,247570420576025,8318823021040067423,247570420372432,
32,133277308,247570425496679,247570425496679,-969258461,247570425998369,247570426308942,247570426429202,247570426450088,247585822398656,247570425984723,8301273,13666666,247570426579046,247570426611859,247570426709515,247570427305140,247570434655192,5312,106771,247570434655192,247570427447223,6874028453762003572,247570427305140,
32,133277316,247570433822006,247570433822006,-900303105,247570434142432,247570434496702,247570434762223,247570434788057,247585839002506,247570434121338,8302577,13666666,247570434942848,247570434967692,247570435012796,247570435601963,247570443590400,4323,109271,247570443590400,247570435746859,7956012745154194530,247570435601963,
32,133277324,247570442146202,247570442146202,-1052718007,247570442750244,247570443133682,247570443318786,247570443421390,247585855608841,247570442735244,8303758,13666666,247570443614202,247570443672067,247570443792380,247570444895921,247570451838630,7813,207448,247570451838630,247570445178005,7307502065682249069,247570444895921,
32,133277332,247570450466070,247570450466070,-256733839,247570451101025,247570451775400,247570451972275,247570452116963,247585872217428,247570451074463,8304829,13666666,247570452327900,247570452382119,247570452473213,247570453583994,247570461168213,6250,331250,247570461168213,247570453984619,8169381708511007304,247570453583994,
32,133277340,247570458799099,247570458799099,-531585042,247570459509307,247570459985348,247570460651911,247570460693161,247585888828989,247570459489880,8306732,13666666,247570460999098,247570461110296,247570461301234,247570463207223,247570468454827,6094,453490,247570468454827,247570463803109,8097283393133169494,247570463207223,
32,133277348,247570467141254,247570467141254,-598281455,247570467603369,247570468063265,247570469005557,247570469034880,247585905445112,247570467583942,8309391,13666666,247570469826338,247570469917952,247570470004411,247570471093057,247570477095140,7552,185834,247570477095140,247570471347692,5431142508371378177,247570471093057,
32,133277356,247570475494320,247570475494320,-89470069,247570475888630,247570476433994,247570477046286,247570477083786,247585922067455,247570475869827,8312952,13666666,247570477193005,247570477268109,247570477360869,247570478667536,247570485033630,8334,211875,247570485033630,247570478954255,8589934592,247570478667536,
32,133277364,247570483827825,247570483827825,-926983818,247570484745400,247570485288213,247570485513629,247570485541077,247585938694935,247570484721963,8314528,13666666,247570485724775,247570485784254,247570485866182,247570486942015,247570493659254,7448,199427,247570493659254,247570487213838,0,247570486942015,
32,133277372,247570492166116,247570492166116,-452337461,247570492562640,247570492942588,247570493101702,247570493126754,247585955325939,247570492545140,8316476,13666666,247570493324254,247570493388473,247570493475088,247570494764515,247570501656598,8229,184271,247570501656598,247570495016234,0,247570494764515,
32,133277380,247570500510617,247570500510617,-321237475,247570500966234,247570501396182,247570501624359,247570501647275,247585971961328,247570500940713,8318913,13666666,247570501819671,247570501904879,247570501993890,247570503042015,247570510673629,8959,240469,247570510673629,247570503351546,0,247570503042015,
32,133277388,247570508829531,247570508829531,-444387853,247570509417588,247570509977119,247570510452588,247570510484254,247585988599154,247570509397796,8318913,13666666,247570510577119,247570510821546,247570510954932,247570512158682,247570518275088,8750,205364,247570518275088,247570512437275,0,247570512158682,
32,133277396,247570517148445,247570517148445,-404984862,247570518178682,247570519021390,247570519762536,247570519818577,247586005236980,247570518114984,8318913,13666666,247570519848265,247570519934619,247570520123317,247570521049254,247570526803525,7083,158073,247570526803525,247570521264984,0,247570521049254,
32,133277404,247570525467354,247570525467354,-127707540,247570526254098,247570526632223,247570528361702,247570528385296,247586021874805,247570526240140,8318912,13666666,247570529251963,247570529330661,247570529481286,247570530658629,247570534563525,8177,182604,247570534563525,247570530892744,0,247570530658629,
32,133277412,247570533786254,247570533786254,-949485511,247570534344515,247570534719827,247570534949723,247570534970661,247586038512629,247570534329984,8318912,13666666,247570535142640,247570535185609,247570535256077,247570536103629,247570542911234,4531,110521,247570542911234,247570536271702,0,247570536103629,
32,133277420,247570542105163,247570542105163,-232936501,247570542349046,247570542654411,247570542830817,247570542850817,247586055150452,247570542332119,8318911,13666666,247570542985088,247570542991494,247570543029150,247570543522015,247570551043109,3750,86927,247570551043109,247570543638577,0,247570543522015,
32,133277428,247570550424059,247570550424059,-247144328,247570550617536,247570550883682,247570551071129,247570551091338,247586071788274,247570550604567,8318911,13666666,247570551210921,247570551238682,247570551278890,247570551878942,247570559606338,4948,200208,247570559606338,247570552126963,0,247570551878942,
32,133277451,247570575380788,247570575380788,0,247570575553525,247570575554150,247570575728734,247570575751859,247586088426096,247570575543317,8318911,13666666,247570575924879,247570575979671,247570576067900,247570577166338,247570578559984,9948,205938,247570578559984,247570577460817,0,247570577166338,
32,133277459,247570583699699,247570583699699,0,247570583948109,247570583948994,247570584244671,247570584273838,247586105063918,247570583934359,8318911,13666666,247570584453890,247570584504046,247570584556390,247570585373890,247570586745400,4740,146875,247570586745400,247570585567588,0,247570585373890,
32,133277467,247570592018610,247570592018610,0,247570592619098,247570592620140,247570593252744,247570593291129,247586121701739,247570592600192,8318910,13666666,247570593389671,247570593442692,247570593534932,247570594560400,247570596193421,7656,186979,247570596193421,247570594809150,0,247570594560400,
32,133277475,247570600337512,247570600337512,0,247570600954619,247570600955504,247570601341442,247570601362744,247586138339559,247570600940557,8318910,13666666,247570601374984,247570601430661,247570601493265,247570602163265,247570603572119,5468,142344,247570603572119,247570602355244,0,247570602163265,
32,133277483,247570608656422,247570608656422,0,247570609021598,247570609022327,247570609496442,247570609516129,247586154977377,247570609008161,8318908,13666666,247570610053369,247570610097848,247570610157275,247570610815504,247570612218369,6250,236666,247570612218369,247570611106442,0,247570610815504,
32,133277491,247570616975306,247570616975306,0,247570617195348,247570617196234,247570617363161,247570617385609,247586171615193,247570617182171,8318908,13666666,247570617549827,247570617605557,247570617658994,247570618543682,247570619972379,5625,139532,247570619972379,247570618731338,0,247570618543682,
32,133277499,247570625294220,247570625294220,0,247570625557275,247570625558057,247570625748265,247570625775661,247586188253010,247570625543577,8318909,13666666,247570625940244,247570625978890,247570626049879,247570626937432,247570628306129,7864,190781,247570628306129,247570627197379,0,247570626937432,
32,133277507,247570633613144,247570633613144,0,247570634103317,247570634104098,247570634338265,247570634370296,247586204890828,247570634082848,8318909,13666666,247570634560817,247570634617015,247570634696650,247570635700557,247570637204879,8333,190260,247570637204879,247570635956390,0,247570635700557,
32,133277515,247570641932057,247570641932057,0,247570642212640,247570642213577,247570642658577,247570642686807,247586221528647,247570642197171,8318910,13666666,247570642769723,247570642950192,247570643033629,247570644501077,247570646015452,8229,192291,247570646015452,247570644759984,0,247570644501077,
32,133277523,247570650250982,247570650250982,0,247570650632640,247570650633525,247570651044567,247570651068629,247586238166468,247570650618786,8318911,13666666,247570651082900,247570651139150,247570651201807,247570652330765,247570653797952,7604,184844,247570653797952,247570652581911,0,247570652330765,
32,133277531,247570658569906,247570658569906,0,247570658993786,247570658994567,247570659485817,247570659513525,247586254804290,247570658978734,8318911,13666666,247570660057015,247570660230140,247570660301286,247570661173994,247570662671077,8334,192343,247570662671077,247570661432536,0,247570661173994,
32,133277539,247570666888814,247570666888814,0,247570667435036,247570667436129,247570667623890,247570667647848,247586271442113,247570667419879,8318912,13666666,247570667830088,247570667859723,247570667908213,247570668829984,247570670385713,5677,182656,247570670385713,247570669061234,0,247570668829984,
32,133277547,247570675207746,247570675207746,0,247570675469202,247570675470088,247570677458786,247570677498994,247586288079938,247570675449775,8318913,13666666,247570677881338,247570677920557,247570678019827,247570678997327,247570682370036,17396,137916,247570682370036,247570679187067,0,247570678997327,
32,133277555,247570683526672,247570683526672,0,247570683758369,247570683760400,247570684163369,247570684189567,247586304717764,247570683740400,8318913,13666666,247570684342848,247570684376390,247570684455244,247570685174307,247570687183004,4062,149063,247570687183004,247570685377275,0,247570685174307,
32,133277563,247570691845580,247570691845580,0,247570692063629,247570692064046,247570692210869,247570692230452,247586321355590,247570692052848,8318913,13666666,247570692349098,247570692387223,247570692430869,247570693350244,247570694882588,6093,132291,247570694882588,247570693531025,0,247570693350244,
32,133277571,247570700164489,247570700164489,0,247570700541286,247570700542067,247570700757796,247570700789619,247586337993416,247570700522223,8318913,13666666,247570700973629,247570701027223,247570701089463,247570701986963,247570703504307,8125,186093,247570703504307,247570702237744,0,247570701986963,
32,133277579,247570708483402,247570708483402,0,247570708929567,247570708931077,247570709186963,247570709222327,247586354631243,247570708912015,8318914,13666666,247570709418369,247570709471650,247570709535556,247570710478942,247570712113890,8281,189688,247570712113890,247570710736754,0,247570710478942,
32,133277587,247570716802331,247570716802331,0,247570717304879,247570717306442,247570718097067,247570718142431,247586371269071,247570717252379,8318914,13666666,247570719060661,247570719130036,247570719240192,247570720586859,247570723786181,10261,396354,247570723786181,247570721080192,0,247570720586859,
32,133277595,247570725121248,247570725121248,0,247570725598838,247570725599775,247570726201754,247570726238161,247586387906898,247570725575088,8318913,13666666,247570726340609,247570726424150,247570726533265,247570727432796,247570728846911,18802,177917,247570728846911,247570727678056,0,247570727432796,
32,133277603,247570733440146,247570733440146,0,247570733744775,247570733745713,247570734014359,247570734040973,247586404544723,247570733726702,8318912,13666666,247570734227692,247570734279827,247570734342796,247570735569619,247570737083265,8750,187708,247570737083265,247570735823161,0,247570735569619,
32,133277611,247570741759045,247570741759045,0,247570742153161,247570742154359,247570742354775,247570742381286,247586421182547,247570742137327,8318912,13666666,247570742546494,247570742597796,247570742660609,247570743539306,247570745036234,7969,184636,247570745036234,247570743787900,0,247570743539306,
32,133277619,247570750077956,247570750077956,0,247570750521702,247570750522484,247570750702379,247570750727431,247586437820371,247570750508004,8318912,13666666,247570750883786,247570750937379,247570750999359,247570751869463,247570753411181,8021,208333,247570753411181,247570752141442,0,247570751869463,
32,133277627,247570758396873,247570758396873,0,247570759679254,247570759680088,247570759873213,247570759900713,247586454458194,247570759663421,8318911,13666666,247570760133734,247570760226754,247570760295088,247570761221598,247570762715869,8438,186041,247570762715869,247570761471546,0,247570761221598,
32,133277635,247570766715770,247570766715770,0,247570766975556,247570766976390,247570767167015,247570767191286,247586471096017,247570766961754,8318912,13666666,247570767377327,247570767452484,247570767512640,247570768449098,247570769919984,7761,193802,247570769919984,247570768708629,0,247570768449098,
32,133277643,247570775034695,247570775034695,0,247570775522379,247570775523421,247570775772588,247570775809046,247586487733840,247570775502900,8318911,13666666,247570775995036,247570776181390,247570776264671,247570777140817,247570778663577,7396,272968,247570778663577,247570777480452,0,247570777140817,
32,133277651,247570783353595,247570783353595,0,247570783800452,247570783801234,247570784188473,247570784222119,247586504371662,247570783781598,8318911,13666666,247570784420765,247570784475036,247570784539984,247570785439671,247570786921442,9219,185469,247570786921442,247570785688161,0,247570785439671,
32,133277659,247570791672506,247570791672506,0,247570792240556,247570792241442,247570792477379,247570792510817,247586521009484,247570792221598,8318911,13666666,247570792701390,247570792729098,247570792806181,247570794191963,247570795781234,6407,229323,247570795781234,247570794484671,0,247570794191963,
32,133277667,247570799991418,247570799991418,0,247570800404515,247570800405661,247570800606650,247570800633213,247586537647306,247570800388161,8318911,13666666,247570800788629,247570800830661,247570800903838,247570801651077,247570803134411,6667,141510,247570803134411,247570801843317,0,247570801651077,
32,133277675,247570808310327,247570808310327,0,247570808845348,247570808846546,247570809104150,247570809136494,247586554285128,247570808825452,8318911,13666666,247570809334723,247570809389931,247570809463994,247570810398681,247570811884775,8386,184011,247570811884775,247570810650504,0,247570810398681,
32,133277683,247570816629238,247570816629238,0,247570817136494,247570817137327,247570817374150,247570817405296,247586570922949,247570817119046,8318910,13666666,247570817594723,247570817611181,247570817678369,247570818591129,247570820275765,8490,185937,247570820275765,247570818844619,0,247570818591129,
32,133277691,247570824948134,247570824948134,0,247570825317431,247570825318004,247570825855609,247570825876911,247586587560769,247570825305296,8318910,13666666,247570826650140,247570826796598,247570826865348,247570827571338,247570829134202,5886,161771,247570829134202,247570827784359,0,247570827571338,
32,133277699,247570833267048,247570833267048,0,247570833605609,247570833606442,247570833913421,247570833934671,247586604198590,247570833592171,8318911,13666666,247570833994254,247570834125817,247570834180088,247570834828525,247570836256859,5625,152656,247570836256859,247570835027536,0,247570834828525,
32,133277707,247570841585970,247570841585970,0,247570841987119,247570841988004,247570842230400,247570842254931,247586620836412,247570841970504,8318911,13666666,247570842405244,247570842465556,247570842537536,247570843459202,247570844936234,8073,197968,247570844936234,247570843725140,0,247570843459202,
32,133277715,247570849904881,247570849904881,0,247570850306234,247570850307067,247570850509775,247570850538056,247586637474235,247570850290244,8318912,13666666,247570850710400,247570850746702,247570850817223,247570852441650,247570853936754,8334,193386,247570853936754,247570852703629,0,247570852441650,
32,133277723,247570858223812,247570858223812,0,247570858776859,247570858777640,247570859002692,247570859029411,247586654112058,247570858763994,8318911,13666666,247570859193213,247570859236754,247570859310661,247570860272431,247570861736963,8177,191979,247570861736963,247570860533369,0,247570860272431,
32,133277731,247570866542712,247570866542712,0,247570866967171,247570866967848,247570867150817,247570867176598,247586670749880,247570866953734,8318911,13666666,247570867336181,247570867408942,247570867481963,247570868433473,247570869916911,8541,192291,247570869916911,247570868691963,0,247570868433473,
32,133277739,247570874861623,247570874861623,0,247570875291025,247570875291754,247570875473369,247570875499098,247586687387702,247570875277015,8318911,13666666,247570875654046,247570875709984,247570875777327,247570876718213,247570878201702,8386,186614,247570878201702,247570876969827,0,247570876718213,
32,133277747,247570883180532,247570883180532,0,247570883664046,247570883665088,247570883831806,247570883856181,247586704025525,247570883651129,8318912,13666666,247570884053994,247570884067848,247570884134202,247570884997952,247570886487431,8073,173750,247570886487431,247570885236442,0,247570884997952,
32,133277755,247570891499455,247570891499455,0,247570891917640,247570891918421,247570892134984,247570892160556,247586720663348,247570891904827,8318911,13666666,247570892312379,247570892372119,247570892441650,247570893292171,247570894804046,8178,174322,247570894804046,247570893529931,0,247570893292171,
32,133277763,247570899818353,247570899818353,0,247570900345088,247570900345869,247570900511546,247570900536702,247586737301170,247570900331859,8318911,13666666,247570900773942,247570900832588,247570900902744,247570901969879,247570903476806,8073,189531,247570903476806,247570902226911,0,247570901969879,
32,133277771,247570908137267,247570908137267,0,247570908859046,247570908859931,247570909116390,247570909149931,247586753938992,247570908838838,8318911,13666666,247570909373838,247570909424723,247570909487431,247570910432640,247570912120609,7968,201927,247570912120609,247570910702275,0,247570910432640,
32,133277779,247570916456181,247570916456181,0,247570917024150,247570917025244,247570917208473,247570917235504,247586770576815,247570917008056,8318912,13666666,247570917389359,247570917484046,247570917541442,247570918230765,247570919733994,6875,140625,247570919733994,247570918419515,0,247570918230765,
32,133277787,247570924775103,247570924775103,0,247570925004515,247570925005244,247570925156494,247570925181233,247586787214638,247570924991806,8318911,13666666,247570925336442,247570925677744,247570925837744,247570927131233,247570928632171,28282,352812,247570928632171,247570927587796,0,247570927131233,
32,133277795,247570933094001,247570933094001,0,247570933370348,247570933371077,247570933597640,247570933625869,247586803852460,247570933355400,8318911,13666666,247570933838838,247570933895921,247570933965504,247570934692796,247570936214619,7969,152239,247570936214619,247570934896181,0,247570934692796,
32,133277803,247570941412912,247570941412912,0,247570941701546,247570941702379,247570941888733,247570941915452,247586820490283,247570941685869,8318912,13666666,247570942088108,247570942171181,247570942240244,247570943152848,247570944649723,8281,185313,247570944649723,247570943403108,0,247570943152848,
32,133277811,247570949731838,247570949731838,0,247570949985296,247570949986077,247570950165244,247570950190921,247586837128106,247570949971702,8318911,13666666,247570950354306,247570950433213,247570950502483,247570951385036,247570952870244,8125,190208,247570952870244,247570951640192,0,247570951385036,
32,133277819,247570958050735,247570958050735,0,247570958501390,247570958502327,247570958690504,247570958716911,247586853765928,247570958486754,8318911,13666666,247570958879931,247570958933890,247570959009150,247570959907379,247570961420921,7708,242448,247570961420921,247570960218629,125780153691231,247570959907379,
32,133277827,247570966369647,247570966369647,0,247570966732900,247570966734202,247570966968681,247570967000713,247586870403750,247570966715296,8318911,13666666,247570967203733,247570967258838,247570967325869,247570968520504,247570970100244,9688,136354,247570970100244,247570968707588,7309464732524569964,247570968520504,
32,133277835,247570974688558,247570974688558,0,247570974975296,247570974976181,247570975139723,247570975163629,247586887041571,247570974960973,8318910,13666666,247570975310088,247570975336702,247570975384098,247570976142796,247570977550244,4375,127291,247570977550244,247570976315608,8100961328684823647,247570976142796,
32,133277843,247570983007455,247570983007455,0,247570983442483,247570983443265,247570983629254,247570983654619,247586903679391,247570983426963,8318910,13666666,247570983796754,247570983826963,247570983881598,247570984802327,247570986375244,5729,213072,247570986375244,247570985083473,7809911830588908916,247570984802327,
32,133277851,247570991326369,247570991326369,0,247570991810452,247570991811546,247570992079983,247570992104098,247586920317212,247570991792483,8318911,13666666,247570992257379,247570992311963,247570992360921,247570993066650,247570994485296,5885,136875,247570994485296,247570993251911,7306085877491393385,247570993066650,
32,133277859,247570999645295,247570999645295,0,247570999972379,247570999973265,247571000232588,247571000259775,247586936955034,247570999961702,8318911,13666666,247571000429306,247571000630661,247571000705817,247571001691286,247571003269775,8803,208854,247571003269775,247571001972744,8097316434837661042,247571001691286,
32,133277874,247571007964212,247571007964212,0,247571008580765,247571008581546,247571008811494,247571008838890,247586953592856,247571008560348,8318911,13666666,247571009026390,247571009070452,247571009132588,247571009886181,247571011337171,6771,148489,247571011337171,247571010087900,0,247571009886181,
32,133277889,247571016283123,247571016283123,0,247571016670817,247571016671650,247571016868161,247571016893056,247586970230679,247571016656129,8318912,13666666,247571017048942,247571017070296,247571017129463,247571017835504,247571019236598,6407,144375,247571019236598,247571018031181,0,247571017835504,
32,133277904,247571024602046,247571024602046,0,247571025095296,247571025095869,247571025265452,247571025288421,247586986868502,247571025081546,8318911,13666666,247571025449879,247571025506858,247571025556858,247571026235869,247571027639931,6458,144062,247571027639931,247571026432275,0,247571026235869,
32,133277919,247571032920941,247571032920941,0,247571033367848,247571033368681,247571033576754,247571033606598,247587003506324,247571033350452,8318911,13666666,247571033783161,247571033839463,247571033906702,247571034796025,247571036194202,8125,214792,247571036194202,247571035077171,0,247571034796025,
32,133277927,247571041239852,247571041239852,0,247571042007483,247571042008369,247571042226598,247571042257431,247587020144146,247571041992483,8318911,13666666,247571042448890,247571042516077,247571042589619,247571043601025,247571045374411,8229,205156,247571045374411,247571043880556,0,247571043601025,
32,133277935,247571049558764,247571049558764,0,247571050010400,247571050011494,247571050982483,247571051019775,247587036781968,247571049988004,8318911,13666666,247571052174567,247571052267431,247571052357327,247571053514254,247571055109046,10052,318541,247571055109046,247571053904306,0,247571053514254,
32,133277943,247571057877678,247571057877678,0,247571058563942,247571058565088,247571058987900,247571059011598,247587053419791,247571058547744,8318912,13666666,247571059086442,247571059156494,247571059217171,247571059966754,247571061487588,5312,213333,247571061487588,247571060232015,0,247571059966754,
32,133277951,247571066196608,247571066196608,0,247571066464046,247571066464931,247571066704202,247571066726233,247587070057615,247571066449098,8318912,13666666,247571066889567,247571066950244,247571067020608,247571067959254,247571069558369,7864,280677,247571069558369,247571068306963,0,247571067959254,
32,133277959,247571074515517,247571074515517,0,247571075137431,247571075139046,247571075416181,247571075448629,247587086695440,247571075117119,8318913,13666666,247571075643473,247571075707588,247571075771286,247571076776650,247571078401546,8177,196927,247571078401546,247571077039202,0,247571076776650,
32,133277967,247571082834446,247571082834446,0,247571083445296,247571083446233,247571083697015,247571083728473,247587103333266,247571083426390,8318913,13666666,247571083929358,247571084020661,247571084089411,247571085021025,247571086676598,8541,190156,247571086676598,247571085277119,0,247571085021025,
32,133277975,247571091153358,247571091153358,0,247571091453681,247571091454671,247571091666806,247571091695452,247587119971092,247571091436702,8318913,13666666,247571091870556,247571091930869,247571091995088,247571092988369,247571094621286,43594,186666,247571094621286,247571093243004,0,247571092988369,
32,133277983,247571099472275,247571099472275,0,247571099738786,247571099739671,247571100099567,247571100135817,247587136608918,247571099722900,8318913,13666666,247571100292588,247571100306442,247571100372067,247571101278317,247571102909931,8802,178854,247571102909931,247571101523317,0,247571101278317,
32,133277991,247571107791186,247571107791186,0,247571108526077,247571108527848,247571108829358,247571108861129,247587153246744,247571108505556,8318913,13666666,247571109100400,247571109202275,247571109287640,247571110266963,247571111908161,9844,198854,247571111908161,247571110532327,0,247571110266963,
32,133277999,247571116110100,247571116110100,0,247571116406546,247571116407119,247571116604619,247571116625192,247587169884570,247571116395869,8318913,13666666,247571116761338,247571116812640,247571116867744,247571117550140,247571119176442,6875,148437,247571119176442,247571117745921,0,247571117550140,
32,133278007,247571124429011,247571124429011,0,247571124738421,247571124739411,247571124933838,247571124960452,247587186522395,247571124724879,8318912,13666666,247571125207327,247571125526754,247571125592848,247571126530140,247571128218994,8541,180052,247571128218994,247571126777796,0,247571126530140,
32,133278015,247571132747908,247571132747908,0,247571133015400,247571133016181,247571133198108,247571133224306,247587203160220,247571133001650,8318913,13666666,247571133388994,247571133617067,247571133691338,247571135084306,247571136728421,8229,200730,247571136728421,247571135350296,0,247571135084306,
32,133278023,247571141066840,247571141066840,0,247571141346129,247571141346754,247571141551025,247571141577535,247587219798044,247571141330817,8318911,13666666,247571141742796,247571141845817,247571141920244,247571142853838,247571144483369,8438,202084,247571144483369,247571143121181,0,247571142853838,
32,133278031,247571149385722,247571149385722,0,247571149789619,247571149790817,247571150033942,247571150066754,247587236435867,247571149770244,8318912,13666666,247571150283577,247571150336754,247571150419515,247571151408994,247571153036442,8281,212187,247571153036442,247571151838733,0,247571151408994,
32,133278039,247571157704647,247571157704647,0,247571157932900,247571157933473,247571158102744,247571158124358,247587253073691,247571157921598,8318912,13666666,247571158271129,247571158306806,247571158360348,247571159090556,247571160730348,5677,150781,247571160730348,247571159290921,0,247571159090556,
32,133278047,247571166023559,247571166023559,0,247571166236494,247571166237015,247571166487379,247571166518004,247587269711515,247571166226338,8318912,13666666,247571166683160,247571166734619,247571166797952,247571167501338,247571169114254,5677,145782,247571169114254,247571167697327,0,247571167501338,
32,133278055,247571174342468,247571174342468,0,247571174625869,247571174626442,247571174779931,247571174802327,247587286349339,247571174613629,8318912,13666666,247571174931494,247571174965765,247571175008056,247571175641129,247571177004306,6719,126666,247571177004306,247571175812900,0,247571175641129,
32,133278063,247571182661379,247571182661379,0,247571182901025,247571182901650,247571183055921,247571183077327,247587302987163,247571182889046,8318912,13666666,247571183203994,247571183228369,247571183268890,247571183793577,247571185191806,3646,96302,247571185191806,247571183926650,0,247571183793577,
32,133278071,247571190980291,247571190980291,0,247571191327119,247571191327744,247571191491233,247571191514775,247587319624984,247571191314723,8318909,13666666,247571191662327,247571191697327,247571191772067,247571192800296,247571194189879,7292,163125,247571194189879,247571193073577,0,247571192800296,
32,133278079,247571199299159,247571199299159,0,247571199733785,247571199734567,247571199938056,247571199967067,247587336262802,247571199717379,8318909,13666666,247571200183577,247571200261546,247571200319723,247571201187171,247571202582119,8333,186302,247571202582119,247571201441233,0,247571201187171,
32,133278087,247571207618071,247571207618071,0,247571208170244,247571208171285,247571208361494,247571208389515,247587352900620,247571208154046,8318909,13666666,247571208588004,247571208664879,247571208717327,247571209438942,247571210813838,4375,128386,247571210813838,247571209618004,0,247571209438942,
32,133278095,247571215936985,247571215936985,0,247571216385035,247571216385713,247571216582379,247571216609410,247587369538438,247571216370556,8318909,13666666,247571216785921,247571216844827,247571216894410,247571217645140,247571219021233,4636,152552,247571219021233,247571217850869,0,247571217645140,
32,133278103,247571224255896,247571224255896,0,247571224656963,247571224657692,247571224835869,247571224862483,247587386176257,247571224642223,8318910,13666666,247571225041754,247571225080400,247571225136025,247571226039619,247571227394306,7083,169375,247571227394306,247571226273942,0,247571226039619,
32,133278111,247571232574819,247571232574819,0,247571232830817,247571232831546,247571233006858,247571233032952,247587402814077,247571232817015,8318910,13666666,247571233212067,247571233266494,247571233316598,247571234093317,247571235471077,5573,150157,247571235471077,247571234298942,0,247571234093317,
32,133278119,247571240893733,247571240893733,0,247571241279202,247571241280140,247571241486077,247571241515400,247587419451897,247571241262900,8318910,13666666,247571241696650,247571241738473,247571241792431,247571242583317,247571244120973,4479,137344,247571244120973,247571242770608,0,247571242583317,
32,133278127,247571249212642,247571249212642,0,247571249510765,247571249511598,247571249868525,247571249898317,247587436089717,247571249494358,8318910,13666666,247571250099098,247571250210296,247571250281754,247571251170140,247571252818369,7656,182396,247571252818369,247571251416910,0,247571251170140,
32,133278135,247571257531553,247571257531553,0,247571258177171,247571258178421,247571258428838,247571258464671,247587452727538,247571258155556,8318911,13666666,247571258675660,247571258717952,247571258810765,247571259777796,247571261430504,8750,328125,247571261430504,247571260175713,0,247571259777796,
32,133278143,247571265850477,247571265850477,0,247571266093317,247571266094046,247571266294463,247571266317692,247587469365360,247571266080296,8318911,13666666,247571266471702,247571266599410,247571266671754,247571267580140,247571269427483,8750,197656,247571269427483,247571267843733,0,247571267580140,
32,133278151,247571274169389,247571274169389,0,247571274374671,247571274375296,247571274655608,247571274687275,247587486003181,247571274363577,8318910,13666666,247571274848056,247571274898681,247571274962379,247571275656390,247571277276806,4843,261927,247571277276806,247571275975869,0,247571275656390,
32,133278159,247571282488280,247571282488280,0,247571282771077,247571282771858,247571283036181,247571283064775,247587502641000,247571282755869,8318909,13666666,247571283248108,247571283334254,247571283397067,247571284344463,247571286011025,8333,186250,247571286011025,247571284595973,0,247571284344463,
32,133278167,247571290807175,247571290807175,0,247571291435296,247571291436390,247571291686806,247571291719150,247587519278819,247571291417535,8318910,13666666,247571291919410,247571291984931,247571292092275,247571292939619,247571294588681,6823,311927,247571294588681,247571293314150,0,247571292939619,
32,133278175,247571299126106,247571299126106,0,247571299427848,247571299428942,247571299652171,247571299680504,247587535916641,247571299411285,8318912,13666666,247571299895348,247571300035192,247571300098733,247571301049879,247571302673994,48697,196927,247571302673994,247571301312223,0,247571301049879,
32,133278183,247571307445043,247571307445043,0,247571307999463,247571308041233,247571308366077,247571308397067,247587552554465,247571307981546,8318912,13666666,247571308602171,247571308682535,247571308742796,247571309772848,247571311476077,8750,201355,247571311476077,247571310046442,0,247571309772848,
32,133278199,247571324082889,247571324082889,0,247571324527379,247571324528994,247571324827171,247571324857640,247587569192290,247571324508160,8318913,13666666,247571325084358,247571325156598,247571325245921,247571326352692,247571328228213,8125,238229,247571328228213,247571326675921,0,247571326352692,
40,133278207,247571332401801,247571332401801,0,247571332697379,247571332698265,247571332872796,247571332901077,247571346068467,247571332681390,8318913,13666666,247571332915817,247571333110035,247570310633057,247570311408057,247570317973057,6146,136875,247570317973057,247570311593577,0,247570311408057,
---PROFILEDATA---


View hierarchy:

  com.chasel.ng2.n/com.chasel.ng2n.MainActivity/android.view.ViewRootImpl@8679fe0
  11 views, 20.00 kB of render nodes


  Dynamic VRI BBQ Log.  render_draw: false  hdr_dimmer: false  blur_blend: false  hwui_window_decor: false  sync_barrier: false

Total ViewRootImpl   : 1
Total attached Views : 11
Total RenderNode     : 20.00 kB (used) / 44.01 kB (capacity)

