Applications Graphics Acceleration Info:
Uptime: 247702314 Realtime: 685896817

** Graphics info for pid 10128 [com.chasel.ng2] **

Stats since: 247667032439218ns
Total frames rendered: 8480
Janky frames: 0 (0.00%)
Janky frames (legacy): 4502 (53.09%)
50th percentile: 17ms
90th percentile: 17ms
95th percentile: 18ms
99th percentile: 18ms
Number Missed Vsync: 0
Number High input latency: 16960
Number Slow UI thread: 0
Number Slow bitmap uploads: 0
Number Slow issue draw commands: 0
Number Frame deadline missed: 0
Number Frame deadline missed (legacy): 0
HISTOGRAM: 5ms=274 6ms=22 7ms=30 8ms=422 9ms=2984 10ms=124 11ms=70 12ms=12 13ms=10 14ms=14 15ms=30 16ms=94 17ms=3616 18ms=700 19ms=72 20ms=4 21ms=0 22ms=0 23ms=0 24ms=0 25ms=0 26ms=0 27ms=0 28ms=2 29ms=0 30ms=0 31ms=0 32ms=0 34ms=0 36ms=0 38ms=0 40ms=0 42ms=0 44ms=0 46ms=0 48ms=0 53ms=0 57ms=0 61ms=0 65ms=0 69ms=0 73ms=0 77ms=0 81ms=0 85ms=0 89ms=0 93ms=0 97ms=0 101ms=0 105ms=0 109ms=0 113ms=0 117ms=0 121ms=0 125ms=0 129ms=0 133ms=0 150ms=0 200ms=0 250ms=0 300ms=0 350ms=0 400ms=0 450ms=0 500ms=0 550ms=0 600ms=0 650ms=0 700ms=0 750ms=0 800ms=0 850ms=0 900ms=0 950ms=0 1000ms=0 1050ms=0 1100ms=0 1150ms=0 1200ms=0 1250ms=0 1300ms=0 1350ms=0 1400ms=0 1450ms=0 1500ms=0 1550ms=0 1600ms=0 1650ms=0 1700ms=0 1750ms=0 1800ms=0 1850ms=0 1900ms=0 1950ms=0 2000ms=0 2050ms=0 2100ms=0 2150ms=0 2200ms=0 2250ms=0 2300ms=0 2350ms=0 2400ms=0 2450ms=0 2500ms=0 2550ms=0 2600ms=0 2650ms=0 2700ms=0 2750ms=0 2800ms=0 2850ms=0 2900ms=0 2950ms=0 3000ms=0 3050ms=0 3100ms=0 3150ms=0 3200ms=0 3250ms=0 3300ms=0 3350ms=0 3400ms=0 3450ms=0 3500ms=0 3550ms=0 3600ms=0 3650ms=0 3700ms=0 3750ms=0 3800ms=0 3850ms=0 3900ms=0 3950ms=0 4000ms=0 4050ms=0 4100ms=0 4150ms=0 4200ms=0 4250ms=0 4300ms=0 4350ms=0 4400ms=0 4450ms=0 4500ms=0 4550ms=0 4600ms=0 4650ms=0 4700ms=0 4750ms=0 4800ms=0 4850ms=0 4900ms=0 4950ms=0
50th gpu percentile: 13ms
90th gpu percentile: 15ms
95th gpu percentile: 16ms
99th gpu percentile: 16ms
GPU HISTOGRAM: 1ms=0 2ms=340 3ms=40 4ms=118 5ms=362 6ms=1494 7ms=1350 8ms=214 9ms=42 10ms=28 11ms=64 12ms=138 13ms=298 14ms=1472 15ms=2052 16ms=426 17ms=34 18ms=8 19ms=0 20ms=0 21ms=0 22ms=0 23ms=0 24ms=0 25ms=0 4950ms=0

Pipeline=Skia (Vulkan)
Memory policy:
  Max surface area: 3240320
  Max resource usage: 466.61MB (x48)
  Background retention: 50% (altUiHidden = true)
  GPU Context timeout: 10
Contexts: 1 (stopped = 0)
CPU Caches:
  Glyph Cache: 5.91 MB (1 entry)
  Glyph Count: 65 
Total CPU memory usage:
  6194109 bytes, 5.91 MB (0.00 bytes is purgeable)
GPU Caches:
  Other:
    Other: 184.34 KB (1 entry)
    Buffer Object: 464.00 bytes (2 entries)
    GrVkImage: 256.00 KB (1 entry)
  Image:
    Surface: 10.13 MB (7 entries)
  Scratch:
    Surface: 4.00 MB (3 entries)
    GrVkTextureRenderTarget: 49.51 MB (5 entries)
    Buffer Object: 334.00 KB (8 entries)
    GrVkImage: 256.00 KB (16 entries)
Total GPU memory usage:
  67778992 bytes, 64.64 MB (10.31 MB is purgeable)
Detail dimensions: 
GrVkImage:				0		{1220x2656}	4
GrVkTextureRenderTarget:				12961280		{1220x2656}	4
GrVkImage:				0		{104x104}	6
Buffer Object:				30720		{0x0}	1
Buffer Object:				49152		{0x0}	1
GrVkImage:				0		{2048x1024}	2
Surface:				2097152		{2048x1024}	2
Surface:				512		{512x1}	1
GrVkImage:				0		{256x256}	1
GrVkImage:				0		{512x1}	1
GrVkImage:				262144		{256x256}	2
GrVkImage:				0		{975x2656}	1
GrVkTextureRenderTarget:				65536		{256x256}	1
Buffer Object:				32768		{0x0}	4
Buffer Object:				272		{0x0}	1
Buffer Object:				192		{0x0}	1
Surface:				43264		{104x104}	6
Surface:				10358400		{975x2656}	1
Buffer Object:				65536		{0x0}	2

GraphicBufferAllocator buffers:
            Handle |         Size |     W (Stride) x H | Layers |   Format |      Usage | Requestor
0xb400007badc863b0 | 13280.00 KiB | 1220 (1280) x 2656 |      1 |        1 | 0x10000b00 | VRI[MainActivity]#0(BLAST Consumer)0
0xb400007badc86880 | 13280.00 KiB | 1220 (1280) x 2656 |      1 |        1 | 0x10000b00 | VRI[MainActivity]#0(BLAST Consumer)0
0xb400007badc86d50 | 13280.00 KiB | 1220 (1280) x 2656 |      1 |        1 | 0x10000b00 | VRI[MainActivity]#0(BLAST Consumer)0
0xb400007badc877a0 | 13280.00 KiB | 1220 (1280) x 2656 |      1 |        1 | 0x10000b00 | VRI[MainActivity]#0(BLAST Consumer)0
Total allocated by GraphicBufferAllocator (estimate): 53120.00 KB
Imported gralloc buffers:
+ name:VRI[MainActivity]#0(BLAST Consumer)0, id:256071, size:13364.00KiB, w/h:1220x2656, usage: 0x10000b00, req fmt:1, fourcc/mod:0/0, dataspace: 0x8810000, compressed: true
+ name:VRI[MainActivity]#0(BLAST Consumer)0, id:256072, size:13364.00KiB, w/h:1220x2656, usage: 0x10000b00, req fmt:1, fourcc/mod:0/0, dataspace: 0x8810000, compressed: true
+ name:VRI[MainActivity]#0(BLAST Consumer)0, id:256070, size:13364.00KiB, w/h:1220x2656, usage: 0x10000b00, req fmt:1, fourcc/mod:0/0, dataspace: 0x8810000, compressed: true
+ name:VRI[MainActivity]#0(BLAST Consumer)0, id:256069, size:13364.00KiB, w/h:1220x2656, usage: 0x10000b00, req fmt:1, fourcc/mod:0/0, dataspace: 0x8810000, compressed: true
Total imported by gralloc: 53456.00KiB

Profile data in ms:

	com.chasel.ng2/com.chasel.ng2.MainActivity/android.view.ViewRootImpl@af1cfa5 (visibility=0)
Window: com.chasel.ng2/com.chasel.ng2.MainActivity
Stats since: 247667032439114ns
Total frames rendered: 8480
Janky frames: 0 (0.00%)
Janky frames (legacy): 4502 (53.09%)
50th percentile: 17ms
90th percentile: 17ms
95th percentile: 18ms
99th percentile: 18ms
Number Missed Vsync: 0
Number High input latency: 16960
Number Slow UI thread: 0
Number Slow bitmap uploads: 0
Number Slow issue draw commands: 0
Number Frame deadline missed: 0
Number Frame deadline missed (legacy): 0
HISTOGRAM: 5ms=274 6ms=22 7ms=30 8ms=422 9ms=2984 10ms=124 11ms=70 12ms=12 13ms=10 14ms=14 15ms=30 16ms=94 17ms=3616 18ms=700 19ms=72 20ms=4 21ms=0 22ms=0 23ms=0 24ms=0 25ms=0 26ms=0 27ms=0 28ms=2 29ms=0 30ms=0 31ms=0 32ms=0 34ms=0 36ms=0 38ms=0 40ms=0 42ms=0 44ms=0 46ms=0 48ms=0 53ms=0 57ms=0 61ms=0 65ms=0 69ms=0 73ms=0 77ms=0 81ms=0 85ms=0 89ms=0 93ms=0 97ms=0 101ms=0 105ms=0 109ms=0 113ms=0 117ms=0 121ms=0 125ms=0 129ms=0 133ms=0 150ms=0 200ms=0 250ms=0 300ms=0 350ms=0 400ms=0 450ms=0 500ms=0 550ms=0 600ms=0 650ms=0 700ms=0 750ms=0 800ms=0 850ms=0 900ms=0 950ms=0 1000ms=0 1050ms=0 1100ms=0 1150ms=0 1200ms=0 1250ms=0 1300ms=0 1350ms=0 1400ms=0 1450ms=0 1500ms=0 1550ms=0 1600ms=0 1650ms=0 1700ms=0 1750ms=0 1800ms=0 1850ms=0 1900ms=0 1950ms=0 2000ms=0 2050ms=0 2100ms=0 2150ms=0 2200ms=0 2250ms=0 2300ms=0 2350ms=0 2400ms=0 2450ms=0 2500ms=0 2550ms=0 2600ms=0 2650ms=0 2700ms=0 2750ms=0 2800ms=0 2850ms=0 2900ms=0 2950ms=0 3000ms=0 3050ms=0 3100ms=0 3150ms=0 3200ms=0 3250ms=0 3300ms=0 3350ms=0 3400ms=0 3450ms=0 3500ms=0 3550ms=0 3600ms=0 3650ms=0 3700ms=0 3750ms=0 3800ms=0 3850ms=0 3900ms=0 3950ms=0 4000ms=0 4050ms=0 4100ms=0 4150ms=0 4200ms=0 4250ms=0 4300ms=0 4350ms=0 4400ms=0 4450ms=0 4500ms=0 4550ms=0 4600ms=0 4650ms=0 4700ms=0 4750ms=0 4800ms=0 4850ms=0 4900ms=0 4950ms=0
50th gpu percentile: 13ms
90th gpu percentile: 15ms
95th gpu percentile: 16ms
99th gpu percentile: 16ms
GPU HISTOGRAM: 1ms=0 2ms=340 3ms=40 4ms=118 5ms=362 6ms=1494 7ms=1350 8ms=214 9ms=42 10ms=28 11ms=64 12ms=138 13ms=298 14ms=1472 15ms=2052 16ms=426 17ms=34 18ms=8 19ms=0 20ms=0 21ms=0 22ms=0 23ms=0 24ms=0 25ms=0 4950ms=0


RenderLite trim renderNode error: 0

---PROFILEDATA---
Flags,FrameTimelineVsyncId,IntendedVsync,Vsync,InputEventId,HandleInputStart,AnimationStart,PerformTraversalsStart,DrawStart,FrameDeadline,FrameStartTime,FrameInterval,WorkloadTarget,SyncQueued,SyncStart,IssueDrawCommandsStart,SwapBuffers,FrameCompleted,DequeueBufferDuration,QueueBufferDuration,GpuCompleted,SwapBuffersCompleted,DisplayPresentTime,CommandSubmissionCompleted,
32,133336173,247701321781396,247701321781396,0,247701322094830,247701322095507,247701322369257,247701322406496,247736000146338,247701322082538,8318909,13666666,247701322857798,247701322875715,247701323158423,247701324470559,247701330884517,2917,136614,247701330884517,247701324651809,0,247701324470559,
32,133336181,247701330100308,247701330100308,0,247701330431132,247701330431809,247701334916653,247701334982017,247736016784157,247701330419413,8318910,13666666,247701337078163,247701337105403,247701337393059,247701338724153,247701340040455,5104,121562,247701340040455,247701338898475,0,247701338724153,
32,133336189,247701338419233,247701338419233,0,247701338712121,247701338712642,247701339016027,247701339064934,247736033421976,247701338702434,8318909,13666666,247701339531132,247701339551861,247701339830455,247701340819257,247701347669517,3438,90417,247701347669517,247701340939673,0,247701340819257,
32,133336197,247701346738133,247701346738133,0,247701347074621,247701347075246,247701348792434,247701348833475,247736050059795,247701347062538,8318910,13666666,247701349891184,247701349930975,247701350249569,247701351318371,247701356070663,6146,125521,247701356070663,247701351491340,0,247701351318371,
32,133336205,247701355057059,247701355057059,0,247701355757486,247701355758215,247701355992017,247701356065611,247736066697615,247701355745819,8318910,13666666,247701356512434,247701356556496,247701356860923,247701357917850,247701364552069,5156,122812,247701364552069,247701358084517,0,247701357917850,
32,133336213,247701363375968,247701363375968,0,247701363686757,247701363687330,247701363881809,247701363920923,247736083335435,247701363674830,8318910,13666666,247701364238684,247701364285507,247701364587902,247701365694309,247701372817538,6770,139375,247701372817538,247701365880402,0,247701365694309,
32,133336221,247701371694879,247701371694879,0,247701372220715,247701372221913,247701372592017,247701372661757,247736099973254,247701372199934,8318909,13666666,247701373123475,247701373185194,247701373611184,247701375404361,247701381391913,8959,185573,247701381391913,247701375660455,0,247701375404361,
32,133336229,247701380013774,247701380013774,0,247701380410923,247701380411809,247701380653527,247701380725923,247736116611074,247701380388840,8318911,13666666,247701381296600,247701381401965,247701381841027,247701383472330,247701389485298,9844,205833,247701389485298,247701383746913,0,247701383472330,
32,133336237,247701388332714,247701388332714,0,247701388676652,247701388677434,247701389049986,247701389113684,247736133248895,247701388661236,8318910,13666666,247701389662642,247701389723007,247701390148684,247701391760142,247701398156861,9792,344427,247701398156861,247701392177225,0,247701391760142,
32,133336245,247701396651611,247701396651611,0,247701397105611,247701397106913,247701397550194,247701397637486,247736149886715,247701397081965,8318910,13666666,247701398158007,247701398220559,247701398698840,247701400480194,247701406065507,9323,210625,247701406065507,247701400758996,7306934700536131427,247701400480194,
32,133336253,247701404970527,247701404970527,0,247701405343371,247701405344934,247701405674048,247701405766652,247736166524536,247701405326861,8318911,13666666,247701406293059,247701406353892,247701406799830,247701408475507,247701414805142,9219,204635,247701414805142,247701408752330,8318823021040067423,247701408475507,
32,133336261,247701413289454,247701413289454,0,247701413931184,247701413932330,247701414290507,247701414368111,247736183162359,247701413911913,8318912,13666666,247701414867694,247701414928632,247701415350038,247701417626913,247701422740142,8907,192760,247701422740142,247701417890767,6874028453762003572,247701417626913,
32,133336269,247701421608379,247701421608379,0,247701422417434,247701422418423,247701422760298,247701422830819,247736199800184,247701422385455,8318913,13666666,247701423345767,247701423461965,247701423908840,247701425311809,247701431862173,10312,158230,247701431862173,247701425528944,7956012745154194530,247701425311809,
32,133336277,247701429927303,247701429927303,0,247701430230559,247701430231288,247701430454517,247701430506548,247736216438012,247701430215194,8318915,13666666,247701430898475,247701430947121,247701431574152,247701432893059,247701439295923,10156,125573,247701439295923,247701433069986,7307502065682249069,247701432893059,
32,133336285,247701438246241,247701438246241,0,247701438509413,247701438510194,247701438748423,247701438801080,247736233075841,247701438494777,8318914,13666666,247701439264100,247701439330975,247701439674465,247701441331809,247701448088267,6718,210885,247701448088267,247701441616861,8169381708511007304,247701441331809,
32,133336293,247701446565140,247701446565140,0,247701446939465,247701446940455,247701447344882,247701447410298,247736249713669,247701446920975,8318914,13666666,247701447982694,247701448069152,247701448554257,247701450161496,247701456395871,9323,207760,247701456395871,247701450438736,8097283393133169494,247701450161496,
32,133336301,247701454884051,247701454884051,0,247701456480611,247701456481965,247701456779257,247701456844413,247736266351498,247701456460611,8318915,13666666,247701457336548,247701457399882,247701457832850,247701459413423,247701465472173,8750,199740,247701465472173,247701459690194,5431142508371378177,247701459413423,
32,133336309,247701463202983,247701463202983,0,247701464053319,247701464054257,247701464382642,247701464588059,247736282989326,247701464034621,8318913,13666666,247701465150194,247701465575767,247701466442694,247701468700402,247701472612642,13594,335052,247701472612642,247701469143059,8589934592,247701468700402,
32,133336317,247701471521868,247701471521868,0,247701471826392,247701471827538,247701472171600,247701472211705,247736299627152,247701471809934,8318913,13666666,247701472728632,247701472760350,247701473403944,247701474848892,247701481236288,7813,138021,247701481236288,247701475034152,0,247701474848892,
32,133336325,247701479840790,247701479840790,0,247701480209100,247701480209673,247701480436496,247701480485767,247736316264978,247701480197173,8318913,13666666,247701480938475,247701480989465,247701481459309,247701482787694,247701489105975,8437,155104,247701489105975,247701482995715,0,247701482787694,
32,133336333,247701488159699,247701488159699,0,247701488467955,247701488468580,247701488696444,247701488750923,247736332902803,247701488451652,8318912,13666666,247701489121965,247701489182277,247701489562382,247701490890975,247701497963423,7135,157708,247701497963423,247701491145142,0,247701490890975,
32,133336341,247701496478595,247701496478595,0,247701496783996,247701496784621,247701496987330,247701497052850,247736349540627,247701496771444,8318912,13666666,247701497426913,247701497477121,247701497983423,247701499237850,247701506067486,7552,152761,247701506067486,247701499441809,0,247701499237850,
32,133336349,247701504797507,247701504797507,0,247701505031236,247701505031809,247701505246548,247701505304986,247736366178451,247701505017642,8318912,13666666,247701505714100,247701505760194,247701506149725,247701507672225,247701514527538,6771,157969,247701514527538,247701507882694,0,247701507672225,
32,133336357,247701513116416,247701513116416,0,247701513437642,247701513438632,247701513715350,247701513779882,247736382816274,247701513419725,8318911,13666666,247701514208371,247701514241392,247701514682434,247701515939777,247701522487173,7083,169063,247701522487173,247701516161548,0,247701515939777,
32,133336365,247701521435310,247701521435310,0,247701521663788,247701521665038,247701521878423,247701521933892,247736399454095,247701521648580,8318910,13666666,247701522320038,247701522366392,247701522727538,247701523935611,247701531170819,6771,165729,247701531170819,247701524156132,0,247701523935611,
32,133336373,247701529754207,247701529754207,0,247701530108319,247701530109309,247701530535507,247701530613215,247736416091914,247701530088736,8318909,13666666,247701531115507,247701531161965,247701531599152,247701533272590,247701539218788,10104,200052,247701539218788,247701533540298,0,247701533272590,
32,133336381,247701538073104,247701538073104,0,247701538738736,247701538739777,247701539074621,247701539141600,247736432729731,247701538670663,8318908,13666666,247701539630923,247701539709830,247701540254205,247701541816809,247701547797121,9219,190104,247701547797121,247701542074621,0,247701541816809,
32,133336389,247701546392003,247701546392003,0,247701546758736,247701546759621,247701547247850,247701547317382,247736449367548,247701546741496,8318909,13666666,247701547806132,247701547868319,247701548385871,247701549948059,247701555801340,8541,206718,247701555801340,247701550224465,0,247701549948059,
32,133336397,247701554710930,247701554710930,0,247701555351861,247701555352590,247701555689934,247701555760975,247736466005367,247701555330975,8318910,13666666,247701556276809,247701556316496,247701556825455,247701558791079,247701564276027,10729,208073,247701564276027,247701559068267,0,247701558791079,
32,133336405,247701563029858,247701563029858,0,247701563504777,247701563505507,247701563737121,247701563786652,247736482643187,247701563491184,8318910,13666666,247701564153684,247701564221757,247701564552642,247701565843163,247701572383475,6823,161771,247701572383475,247701566059569,0,247701565843163,
32,133336413,247701571348769,247701571348769,0,247701572250559,247701572251132,247701572615038,247701572671392,247736499281007,247701572236027,8318910,13666666,247701573014986,247701573046236,247701573431444,247701574628996,247701581040767,6406,139010,247701581040767,247701574818788,0,247701574628996,
32,133336421,247701579667678,247701579667678,0,247701579964777,247701579965246,247701580341652,247701580396600,247736515918828,247701579952069,8318911,13666666,247701580815923,247701580865819,247701581240090,247701582461236,247701589108423,5989,157188,247701589108423,247701582669882,0,247701582461236,
32,133336429,247701587986605,247701587986605,0,247701588230767,247701588231340,247701588427590,247701588468632,247736532556650,247701588219882,8318911,13666666,247701588851757,247701588901392,247701589270402,247701590475663,247701597725715,6510,150052,247701597725715,247701590675194,0,247701590475663,
32,133336437,247701596305516,247701596305516,0,247701596767069,247701596768163,247701597044361,247701597112434,247736549194471,247701596746600,8318910,13666666,247701597661444,247701597729777,247701598163215,247701599735871,247701605682225,10052,182709,247701605682225,247701599986913,0,247701599735871,
32,133336445,247701604624410,247701604624410,0,247701605879413,247701605880246,247701606120038,247701606175350,247736565832291,247701605864361,8318910,13666666,247701606574048,247701606638892,247701607073684,247701608568944,247701614601079,8750,153542,247701614601079,247701608773267,0,247701608568944,
32,133336453,247701612943322,247701612943322,0,247701613425038,247701613425923,247701613679882,247701613730819,247736582470111,247701613409829,8318910,13666666,247701614088892,247701614147694,247701614626392,247701615843423,247701622562694,7344,169896,247701622562694,247701616065507,0,247701615843423,
32,133336461,247701621262233,247701621262233,0,247701621870194,247701621870767,247701622067902,247701622127434,247736599107931,247701621858736,8318910,13666666,247701622862173,247701623706757,247701624794517,247701627144413,247701631020507,34271,383958,247701631020507,247701627643475,0,247701627144413,
32,133336469,247701629581139,247701629581139,0,247701629853111,247701629853684,247701630094257,247701630135923,247736615745751,247701629838163,8318910,13666666,247701630518111,247701630570454,247701631407069,247701632940819,247701638990923,8281,158438,247701638990923,247701633154621,0,247701632940819,
32,133336477,247701637900051,247701637900051,0,247701638173007,247701638173527,247701638368684,247701638409465,247736632383573,247701638160923,8318912,13666666,247701638764829,247701638813684,247701639222017,247701640805819,247701650128319,7969,150833,247701650128319,247701641007486,0,247701640805819,
32,133336485,247701646218988,247701646218988,0,247701646582850,247701646583475,247701646808684,247701646868996,247736649021397,247701646568111,8318912,13666666,247701647447798,247701647499882,247701647925350,247701649608059,247701655659673,8645,573958,247701655659673,247701650255142,0,247701649608059,
32,133336493,247701654537903,247701654537903,0,247701654881444,247701654882329,247701655185663,247701655246652,247736665659220,247701654865975,8318911,13666666,247701655877590,247701656028423,247701656483215,247701658073371,247701664514517,6927,171823,247701664514517,247701658309569,0,247701658073371,
32,133336501,247701662856800,247701662856800,0,247701663116965,247701663117746,247701663577017,247701663650871,247736682297043,247701663101861,8318912,13666666,247701664194204,247701664314048,247701664764361,247701666436444,247701672296184,8125,191458,247701672296184,247701666752277,0,247701666436444,
32,133336509,247701671175725,247701671175725,0,247701671595819,247701671596913,247701671903996,247701671995142,247736698934867,247701671575194,8318912,13666666,247701672494673,247701672512538,247701672903475,247701674097121,247701681022590,6979,147187,247701681022590,247701674297017,0,247701674097121,
32,133336517,247701679494640,247701679494640,0,247701679902069,247701679903267,247701680177121,247701680239152,247736715572691,247701679888319,8318912,13666666,247701680665246,247701680713944,247701681155090,247701682399569,247701688988371,8437,145052,247701688988371,247701682597486,0,247701682399569,
32,133336525,247701687813556,247701687813556,0,247701688291392,247701688292329,247701688669257,247701688754829,247736732210514,247701688268215,8318911,13666666,247701689243788,247701689307850,247701689755298,247701691506340,247701696950454,8697,188854,247701696950454,247701691765715,0,247701691506340,
32,133336533,247701696132456,247701696132456,0,247701696447017,247701696447694,247701696696079,247701696755298,247736748848336,247701696433267,8318911,13666666,247701697089882,247701697118319,247701697425298,247701698538996,247701705088892,6823,146511,247701705088892,247701698738423,0,247701698538996,
32,133336541,247701704451368,247701704451368,0,247701704734673,247701704735559,247701704888944,247701704925871,247736765486158,247701704724413,8318911,13666666,247701705209257,247701705239934,247701705513632,247701706859413,247701713623684,4479,103021,247701713623684,247701707003736,0,247701706859413,
32,133336549,247701712770282,247701712770282,0,247701713095559,247701713096861,247701713309517,247701713360923,247736782123981,247701713078267,8318912,13666666,247701713764048,247701713795611,247701714084569,247701715106861,247701721743475,4532,104531,247701721743475,247701715252746,0,247701715106861,
32,133336557,247701721089205,247701721089205,0,247701721532173,247701721533163,247701721898423,247701721964152,247736798761805,247701721512329,8318912,13666666,247701722429829,247701722464673,247701722859361,247701724453267,247701730200142,9323,180157,247701730200142,247701724703319,0,247701724453267,
32,133336565,247701729408116,247701729408116,0,247701729791027,247701729791861,247701730026600,247701730086600,247736815399630,247701729774882,8318913,13666666,247701730584986,247701730618371,247701730992329,247701732514934,247701738404621,9063,176042,247701738404621,247701732757590,0,247701732514934,
32,133336573,247701737727043,247701737727043,0,247701738132069,247701738132850,247701738495767,247701738550090,247736832037456,247701738116288,8318913,13666666,247701738970350,247701739000611,247701739357225,247701740779934,247701746969048,6667,154688,247701746969048,247701740990975,0,247701740779934,
32,133336581,247701746045957,247701746045957,0,247701746416757,247701746417746,247701746638371,247701746690923,247736848675282,247701746401444,8318913,13666666,247701747249725,247701747291757,247701747645507,247701748980611,247701755069465,5729,143178,247701755069465,247701749179725,0,247701748980611,
32,133336589,247701754364868,247701754364868,0,247701754758892,247701754759673,247701755108579,247701755175975,247736865313108,247701754744621,8318913,13666666,247701755638475,247701755668632,247701756078007,247701757412017,247701764076600,5521,129843,247701764076600,247701757594257,0,247701757412017,
32,133336597,247701762683779,247701762683779,0,247701763204204,247701763204882,247701763567902,247701763655559,247736881950934,247701763189934,8318913,13666666,247701764253059,247701764385559,247701764830298,247701766434413,247701772154257,9114,208125,247701772154257,247701766714413,0,247701766434413,
32,133336605,247701771002693,247701771002693,0,247701771477642,247701771478840,247701771816236,247701771894777,247736898588759,247701771456757,8318912,13666666,247701772391288,247701772432642,247701772875923,247701774636965,247701781297329,9948,194375,247701781297329,247701774900975,0,247701774636965,
32,133336613,247701779321590,247701779321590,0,247701780832069,247701780838111,247701781758059,247701781895194,247736915226584,247701780684100,8318913,13666666,247701782574361,247701782611340,247701782973996,247701784168944,247701788530559,6667,101563,247701788530559,247701784308944,0,247701784168944,
32,133336621,247701787640519,247701787640519,0,247701787798267,247701787798944,247701788019934,247701788064361,247736931864408,247701787786340,8318911,13666666,247701788393215,247701788433840,247701788680142,247701789566913,247701797300559,5521,109896,247701797300559,247701789715038,0,247701789566913,
32,133336629,247701795959404,247701795959404,0,247701796318111,247701796318736,247701796523059,247701796565038,247736948502230,247701796306704,8318911,13666666,247701796896913,247701796942746,247701797273996,247701798449986,247701805392538,6302,144947,247701805392538,247701798646184,0,247701798449986,
32,133336637,247701804278318,247701804278318,0,247701804688736,247701804689673,247701805043996,247701805127902,247736965140053,247701804674465,8318912,13666666,247701805649256,247701805710767,247701806140715,247701807737069,247701814281079,9635,2730052,247701814281079,247701810630819,0,247701807737069,
32,133336645,247701812597244,247701812597244,0,247701812895298,247701812896184,247701813226340,247701813288996,247736981777877,247701812880715,8318912,13666666,247701813819881,247701813869725,247701814377538,247701815988371,247701821984256,10573,192344,247701821984256,247701816298475,0,247701815988371,
32,133336653,247701820916155,247701820916155,0,247701821377902,247701821378944,247701821712694,247701821795923,247736998415700,247701821356809,8318911,13666666,247701822321340,247701822385506,247701822826288,247701824672642,247701830588684,9271,150990,247701830588684,247701824921444,0,247701824672642,
32,133336661,247701829235055,247701829235055,0,247701829656444,247701829657277,247701829925611,247701829985767,247737015053522,247701829638059,8318911,13666666,247701830414152,247701830472381,247701830846236,247701832180246,247701839242798,8177,158646,247701839242798,247701832392954,0,247701832180246,
32,133336669,247701837553967,247701837553967,0,247701837844934,247701837845715,247701838098736,247701838155038,247737031691344,247701837828840,8318911,13666666,247701838630715,247701838716809,247701839083840,247701840397434,247701847515663,7708,145625,247701847515663,247701840595506,0,247701840397434,
32,133336677,247701845872878,247701845872878,0,247701846136027,247701846136652,247701846342434,247701846394413,247737048329166,247701846123944,8318911,13666666,247701846760506,247701846812121,247701847325350,247701848939100,247701855243006,7135,206771,247701855243006,247701849212850,0,247701848939100,
32,133336685,247701854191787,247701854191787,0,247701854576600,247701854577486,247701854856184,247701854927746,247737064966988,247701854557642,8318911,13666666,247701855618527,247701855682434,247701856208215,247701857513267,247701864084569,6407,142083,247701864084569,247701857751600,0,247701857513267,
32,133336693,247701862510698,247701862510698,0,247701862998215,247701862998944,247701863283631,247701863338371,247737081604809,247701862984152,8318910,13666666,247701863772434,247701863826809,247701864255194,247701865848215,247701871901965,9270,201354,247701871901965,247701866117329,0,247701865848215,
32,133336701,247701870829595,247701870829595,0,247701871713579,247701871714725,247701872440611,247701872515819,247737098242629,247701871689152,8318910,13666666,247701873038215,247701873113527,247701873566809,247701875216079,247701881174309,9583,195469,247701881174309,247701875483006,0,247701875216079,
32,133336709,247701879148504,247701879148504,0,247701880273111,247701880273892,247701880566652,247701880638788,247737114880450,247701880256236,8318911,13666666,247701881052590,247701881080975,247701881469569,247701882657329,247701888601600,6980,131614,247701888601600,247701882838579,0,247701882657329,
32,133336717,247701887467435,247701887467435,0,247701887886913,247701887887434,247701888209829,247701888298423,247737131518272,247701887873319,8318911,13666666,247701888765298,247701888815819,247701889171340,247701890413684,247701897142746,8542,148750,247701897142746,247701890617850,0,247701890413684,
32,133336725,247701895786347,247701895786347,0,247701896379100,247701896380038,247701896687381,247701896819621,247737148156094,247701896358215,8318911,13666666,247701897474725,247701897538736,247701897980090,247701899620611,247701905160663,9531,197292,247701905160663,247701899885923,0,247701899620611,
32,133336733,247701904105256,247701904105256,0,247701905235350,247701905236496,247701905524100,247701905596288,247737164793915,247701905215663,8318910,13666666,247701906099829,247701906161496,247701906660298,247701908688527,247701913902746,8489,205625,247701913902746,247701908963840,0,247701908688527,
32,133336741,247701912424150,247701912424150,0,247701912870715,247701912871184,247701913085819,247701913130871,247737181431735,247701912854361,8318910,13666666,247701913437486,247701913488111,247701913917381,247701914870767,247701921456913,5469,95000,247701921456913,247701915005038,0,247701914870767,
32,133336749,247701920743061,247701920743061,0,247701920968579,247701920969413,247701921168892,247701921220923,247737198069555,247701920954881,8318910,13666666,247701921599829,247701921633631,247701921966027,247701923056704,247701930145402,4843,125729,247701930145402,247701923229256,0,247701923056704,
32,133336757,247701929061972,247701929061972,0,247701929511131,247701929512173,247701929756340,247701929817486,247737214707374,247701929493111,8318909,13666666,247701930320246,247701930357850,247701930802486,247701932511496,247701938309621,9166,202292,247701938309621,247701932787381,125780153691231,247701932511496,
32,133336765,247701937380867,247701937380867,0,247701937649100,247701937649881,247701937896861,247701937952954,247737231345192,247701937634048,8318909,13666666,247701938450350,247701938501288,247701938911913,247701940578111,247701946742954,7969,186406,247701946742954,247701940830819,7309464732524569964,247701940578111,
32,133336773,247701945699779,247701945699779,0,247701946027381,247701946028111,247701946240559,247701946292381,247737247983010,247701946013215,8318909,13666666,247701946743475,247701946913892,247701947325975,247701948914777,247701954764204,8698,189010,247701954764204,247701949169881,8100961328684823647,247701948914777,
32,133336781,247701954018688,247701954018688,0,247701954284100,247701954284881,247701954511756,247701954559986,247737264620828,247701954270038,8318909,13666666,247701955155194,247701955211965,247701955605246,247701957135559,247701963445559,9375,189479,247701963445559,247701957391027,7809911830588908916,247701957135559,
32,133336789,247701962337602,247701962337602,0,247701962909413,247701962910194,247701963127902,247701963176809,247737281258647,247701962895246,8318910,13666666,247701963805246,247701963842017,247701964341965,247701965827746,247701971432381,9218,184948,247701971432381,247701966079204,7306085877491393385,247701965827746,
32,133336797,247701970656527,247701970656527,0,247701970986496,247701970987381,247701971256809,247701971320819,247737297896468,247701970967590,8318911,13666666,247701971764204,247701971800402,247701972275506,247701973735767,247701979982538,8282,171771,247701979982538,247701973971548,8097316434837661042,247701973735767,
32,133336805,247701978975454,247701978975454,0,247701979410454,247701979411288,247701979585611,247701979640819,247737314534290,247701979396288,8318911,13666666,247701980262329,247701980290923,247701980680454,247701981852746,247701988200611,6562,149531,247701988200611,247701982055090,0,247701981852746,
32,133336813,247701987294365,247701987294365,0,247701988378371,247701988379100,247701988717902,247701988769465,247737331172113,247701988364517,8318912,13666666,247701989254517,247701989314517,247701989731184,247701991281548,247701997371913,9479,193230,247701997371913,247701991540923,0,247701991281548,
32,133336821,247701995613291,247701995613291,0,247701996172069,247701996172954,247701996461027,247701996537486,247737347809938,247701996152798,8318913,13666666,247701997120454,247701997192642,247701997644152,247701999225819,247702004996079,9011,202812,247702004996079,247701999497850,0,247701999225819,
32,133336829,247702003932220,247702003932220,0,247702004366288,247702004367173,247702004628631,247702004693736,247737364447764,247702004350298,8318913,13666666,247702005297746,247702005356913,247702005778840,247702007319100,247702013639621,7500,190469,247702013639621,247702007577017,0,247702007319100,
32,133336837,247702012251134,247702012251134,0,247702012719933,247702012720975,247702013065402,247702013135558,247737381085591,247702012700767,8318914,13666666,247702013637746,247702013697850,247702014133371,247702015695767,247702021658631,9010,192864,247702021658631,247702015954777,0,247702015695767,
32,133336845,247702020570064,247702020570064,0,247702021575090,247702021576183,247702021876444,247702021942694,247737397723420,247702021552642,8318915,13666666,247702022425038,247702022463371,247702022886183,247702024649100,247702030410871,7760,181563,247702030410871,247702024898788,0,247702024649100,
32,133336853,247702028888993,247702028888993,0,247702029475454,247702029476444,247702029793736,247702029869621,247737414361249,247702029455402,8318914,13666666,247702030344673,247702030422017,247702030846496,247702032795506,247702038305246,9844,130781,247702038305246,247702032975558,0,247702032795506,
32,133336861,247702037207892,247702037207892,0,247702037479933,247702037480767,247702037800819,247702037862954,247737430999077,247702037467329,8318914,13666666,247702038297746,247702038406704,247702038750246,247702039977954,247702047141913,6875,196927,247702047141913,247702040227329,0,247702039977954,
32,133336869,247702045526806,247702045526806,0,247702045727798,247702045728527,247702045981913,247702046033736,247737447636906,247702045716756,8318915,13666666,247702046410767,247702046457902,247702046955142,247702048195506,247702054989256,8125,191823,247702054989256,247702048454986,0,247702048195506,
32,133336877,247702053845730,247702053845730,0,247702054212746,247702054213840,247702054564517,247702054670715,247737464274736,247702054196131,8318915,13666666,247702055213892,247702055254881,247702055676340,247702057319100,247702063601756,8698,191198,247702063601756,247702057576965,0,247702057319100,
32,133336885,247702062164642,247702062164642,0,247702062601965,247702062602798,247702062997902,247702063079986,247737480912566,247702062582798,8318915,13666666,247702063665975,247702063730194,247702064237746,247702065899517,247702071565142,9948,196667,247702071565142,247702066163267,0,247702065899517,
32,133336893,247702070483558,247702070483558,0,247702071460298,247702071461704,247702071755402,247702071824777,247737497550396,247702071440454,8318915,13666666,247702072380923,247702072419569,247702072882538,247702074487850,247702080223163,9896,197240,247702080223163,247702074756808,0,247702074487850,
32,133336901,247702078802475,247702078802475,0,247702079368267,247702079369204,247702079704881,247702079778371,247737514188226,247702079348267,8318915,13666666,247702080349881,247702080395454,247702080850454,247702082680663,247702088559933,8125,195261,247702088559933,247702082949413,0,247702082680663,
32,133336909,247702087121372,247702087121372,0,247702087912017,247702087912798,247702088504308,247702088573892,247737530826055,247702087893579,8318914,13666666,247702089186183,247702089232642,247702089670975,247702091394308,247702097178475,8281,211198,247702097178475,247702091682798,0,247702091394308,
32,133336917,247702095440286,247702095440286,0,247702095964829,247702095965663,247702096541808,247702096638892,247737547463882,247702095940454,8318913,13666666,247702097296027,247702097354569,247702097859256,247702099309829,247702105037902,9219,174115,247702105037902,247702099545663,0,247702099309829,
32,133336925,247702103759188,247702103759188,0,247702104424361,247702104425350,247702104764204,247702104851288,247737564101707,247702104398423,8318912,13666666,247702105390611,247702105450454,247702105936548,247702107645350,247702113383527,11302,212500,247702113383527,247702107932954,0,247702107645350,
32,133336933,247702112078087,247702112078087,0,247702113364673,247702113365663,247702113696444,247702113773371,247737580739531,247702113338423,8318912,13666666,247702114260923,247702114311704,247702114890611,247702116626288,247702121125038,8437,195885,247702121125038,247702116891704,0,247702116626288,
32,133336941,247702120397001,247702120397001,0,247702120728579,247702120730611,247702121083996,247702121155038,247737597377354,247702120708215,8318911,13666666,247702121599048,247702121639465,247702122106808,247702123545298,247702129525871,9531,157917,247702129525871,247702123765611,0,247702123545298,
32,133336956,247702128715899,247702128715899,0,247702128939361,247702128940038,247702129137173,247702129188736,247737614015176,247702128924621,8318911,13666666,247702129561704,247702129597590,247702129947277,247702131045611,247702137621496,6562,127447,247702137621496,247702131220090,0,247702131045611,
32,133336971,247702137034810,247702137034810,0,247702137329256,247702137330038,247702137591548,247702137653163,247737630652997,247702137311704,8318910,13666666,247702138014725,247702138052850,247702138412433,247702139727381,247702146016079,7552,135104,247702146016079,247702139914881,0,247702139727381,
32,133336986,247702145353704,247702145353704,0,247702145555350,247702145555923,247702145728788,247702145777277,247737647290816,247702145542069,8318909,13666666,247702146041861,247702146067277,247702146357277,247702147258163,247702154259933,5990,90833,247702154259933,247702147383006,0,247702147258163,
32,133337001,247702153672601,247702153672601,0,247702153917746,247702153918163,247702154059465,247702154111079,247737663928632,247702153906131,8318907,13666666,247702154357017,247702154370819,247702154645715,247702155484569,247702162628267,5157,92657,247702162628267,247702155609100,0,247702155484569,
32,133337009,247702161991479,247702161991479,0,247702162246965,247702162247486,247702162463215,247702162516183,247737680566445,247702162230558,8318906,13666666,247702162770454,247702162786652,247702163067225,247702163920923,247702170905454,5209,97761,247702170905454,247702164052642,0,247702163920923,
32,133337017,247702170310370,247702170310370,0,247702170794413,247702170795506,247702171092642,247702171165506,247737697204256,247702170774152,8318905,13666666,247702171629673,247702171662590,247702172174361,247702173805142,247702179462277,10000,210052,247702179462277,247702174085975,0,247702173805142,
32,133337025,247702178629262,247702178629262,0,247702179053579,247702179054725,247702179571288,247702179669308,247737713842068,247702179028840,8318907,13666666,247702180315975,247702180355611,247702180694881,247702181457694,247702187480767,4948,83698,247702187480767,247702181574361,0,247702181457694,
32,133337033,247702186948200,247702186948200,0,247702187111965,247702187112433,247702187270298,247702187322538,247737730479888,247702187099517,8318913,13666666,247702187555871,247702187571756,247702187830090,247702188673892,247702195943944,4740,81042,247702195943944,247702188798788,0,247702188673892,
32,133337041,247702195267217,247702195267217,0,247702195427538,247702195428475,247702195613423,247702195660402,247737747117712,247702195412850,8318911,13666666,247702195892642,247702195918736,247702196185142,247702196942277,247702204251965,4063,71562,247702204251965,247702197055454,0,247702196942277,
32,133337049,247702203586094,247702203586094,0,247702203900142,247702203901288,247702204241131,247702204313631,247737763755534,247702203879152,8318911,13666666,247702204770767,247702204805767,247702205236652,247702206791027,247702212713631,9896,181041,247702212713631,247702207037277,0,247702206791027,
32,133337057,247702211905003,247702211905003,0,247702212056340,247702212056756,247702212186236,247702212217225,247737780393356,247702212048683,8318911,13666666,247702212400975,247702212424933,247702212668788,247702213302017,247702221006756,3385,72864,247702221006756,247702213401392,0,247702213302017,
32,133337065,247702220223917,247702220223917,0,247702220679152,247702220680194,247702221059360,247702221125767,247737797031177,247702220661131,8318910,13666666,247702221596027,247702221646392,247702222114621,247702223708319,247702229730246,9531,192552,247702229730246,247702223971392,0,247702223708319,
32,133337073,247702228542811,247702228542811,0,247702229095767,247702229096860,247702229372954,247702229464413,247737813668998,247702229077277,8318911,13666666,247702230086496,247702230135558,247702230626756,247702232699621,247702237792954,11146,243542,247702237792954,247702233033163,0,247702232699621,
32,133337081,247702236861735,247702236861735,0,247702237216235,247702237219100,247702237629360,247702237704152,247737830306820,247702237180454,8318911,13666666,247702238183163,247702238240871,247702238696860,247702240347121,247702246508267,10000,177917,247702246508267,247702240591131,0,247702240347121,
32,133337089,247702245180644,247702245180644,0,247702246271808,247702246272642,247702246557277,247702246624413,247737846944643,247702246241131,8318912,13666666,247702246977225,247702247018996,247702247373631,247702248913631,247702254374152,7083,175365,247702254374152,247702249159100,0,247702248913631,
32,133337097,247702253499574,247702253499574,0,247702253901548,247702253902485,247702254227225,247702254410715,247737863582467,247702253878788,8318912,13666666,247702254984725,247702255023163,247702255439048,247702257148371,247702262998319,7812,169479,247702262998319,247702257381600,0,247702257148371,
32,133337105,247702261818483,247702261818483,0,247702262218735,247702262219569,247702262609360,247702262709777,247737880220292,247702262201808,8318913,13666666,247702263268788,247702263321131,247702263735090,247702265371600,247702271002381,9375,197708,247702271002381,247702265637277,0,247702265371600,
32,133337113,247702270137412,247702270137412,0,247702270404100,247702270405038,247702270648319,247702270706756,247737896858119,247702270386756,8318914,13666666,247702271235558,247702271287642,247702271704256,247702273269152,247702279825558,9375,195000,247702279825558,247702273534933,0,247702273269152,
32,133337121,247702278456338,247702278456338,0,247702279129621,247702279131756,247702279556235,247702279676131,247737913495947,247702279096913,8318914,13666666,247702280358319,247702280414933,247702280987798,247702282754621,247702287660506,9479,194219,247702287660506,247702283023892,0,247702282754621,
32,133337129,247702286775249,247702286775249,0,247702287228944,247702287229777,247702287576131,247702287656860,247737930133775,247702287204308,8318914,13666666,247702288182798,247702288225298,247702288652069,247702290008006,247702296645038,7344,145833,247702296645038,247702290207590,0,247702290008006,
32,133337137,247702295094160,247702295094160,0,247702295615558,247702295616392,247702296188423,247702296266340,247702308760826,247702295582277,8318914,13666666,247702296783996,247702296819881,247702297444048,247702299572329,247702304159985,12083,189844,247702304159985,247702299837277,0,247702299572329,
32,133337145,247702303413072,247702303413072,0,247702303712069,247702303713683,247702304143006,247702304226496,247702317079738,247702303691392,8318912,13666666,247702304572433,247702304609465,247702304974152,247702306132642,247701314400559,5886,130886,247701314400559,247702306308788,0,247702306132642,
32,133337153,247702311731954,247702311731954,0,247702312071860,247702312072485,247702312248788,247702312306600,247702325398620,247702312056392,8318911,13666666,247702312642954,247702312679621,247702313012485,247702314102433,247701323717225,6354,121197,247701323717225,247702314265923,0,247702314102433,
---PROFILEDATA---


View hierarchy:

  com.chasel.ng2/com.chasel.ng2.MainActivity/android.view.ViewRootImpl@af1cfa5
  334 views, 768.33 kB of render nodes


  Dynamic VRI BBQ Log.  render_draw: false  hdr_dimmer: false  blur_blend: false  hwui_window_decor: false  sync_barrier: false

Total ViewRootImpl   : 1
Total attached Views : 334
Total RenderNode     : 768.33 kB (used) / 2393.08 kB (capacity)

