Applications Graphics Acceleration Info:
Uptime: 248045400 Realtime: 686239902

** Graphics info for pid 7373 [com.chasel.ng2.n] **

Stats since: 248009754963306ns
Total frames rendered: 4202
Janky frames: 18 (0.43%)
Janky frames (legacy): 166 (3.95%)
50th percentile: 10ms
90th percentile: 11ms
95th percentile: 15ms
99th percentile: 17ms
Number Missed Vsync: 0
Number High input latency: 8200
Number Slow UI thread: 0
Number Slow bitmap uploads: 0
Number Slow issue draw commands: 18
Number Frame deadline missed: 18
Number Frame deadline missed (legacy): 0
HISTOGRAM: 5ms=970 6ms=58 7ms=22 8ms=34 9ms=180 10ms=2444 11ms=142 12ms=32 13ms=22 14ms=82 15ms=34 16ms=34 17ms=124 18ms=20 19ms=4 20ms=0 21ms=0 22ms=0 23ms=0 24ms=0 25ms=0 26ms=0 27ms=0 28ms=0 29ms=0 30ms=0 31ms=0 32ms=0 34ms=0 36ms=0 38ms=0 40ms=0 42ms=0 44ms=0 46ms=0 48ms=0 53ms=0 57ms=0 61ms=0 65ms=0 69ms=0 73ms=0 77ms=0 81ms=0 85ms=0 89ms=0 93ms=0 97ms=0 101ms=0 105ms=0 109ms=0 113ms=0 117ms=0 121ms=0 125ms=0 129ms=0 133ms=0 150ms=0 200ms=0 250ms=0 300ms=0 350ms=0 400ms=0 450ms=0 500ms=0 550ms=0 600ms=0 650ms=0 700ms=0 750ms=0 800ms=0 850ms=0 900ms=0 950ms=0 1000ms=0 1050ms=0 1100ms=0 1150ms=0 1200ms=0 1250ms=0 1300ms=0 1350ms=0 1400ms=0 1450ms=0 1500ms=0 1550ms=0 1600ms=0 1650ms=0 1700ms=0 1750ms=0 1800ms=0 1850ms=0 1900ms=0 1950ms=0 2000ms=0 2050ms=0 2100ms=0 2150ms=0 2200ms=0 2250ms=0 2300ms=0 2350ms=0 2400ms=0 2450ms=0 2500ms=0 2550ms=0 2600ms=0 2650ms=0 2700ms=0 2750ms=0 2800ms=0 2850ms=0 2900ms=0 2950ms=0 3000ms=0 3050ms=0 3100ms=0 3150ms=0 3200ms=0 3250ms=0 3300ms=0 3350ms=0 3400ms=0 3450ms=0 3500ms=0 3550ms=0 3600ms=0 3650ms=0 3700ms=0 3750ms=0 3800ms=0 3850ms=0 3900ms=0 3950ms=0 4000ms=0 4050ms=0 4100ms=0 4150ms=0 4200ms=0 4250ms=0 4300ms=0 4350ms=0 4400ms=0 4450ms=0 4500ms=0 4550ms=0 4600ms=0 4650ms=0 4700ms=0 4750ms=0 4800ms=0 4850ms=0 4900ms=0 4950ms=0
50th gpu percentile: 8ms
90th gpu percentile: 10ms
95th gpu percentile: 13ms
99th gpu percentile: 16ms
GPU HISTOGRAM: 1ms=0 2ms=112 3ms=856 4ms=30 5ms=42 6ms=28 7ms=154 8ms=1212 9ms=1334 10ms=100 11ms=24 12ms=36 13ms=70 14ms=36 15ms=52 16ms=108 17ms=8 18ms=0 19ms=0 20ms=0 21ms=0 22ms=0 23ms=0 24ms=0 25ms=0 4950ms=0

Pipeline=Skia (Vulkan)
Memory policy:
  Max surface area: 3240320
  Max resource usage: 466.61MB (x48)
  Background retention: 50% (altUiHidden = true)
  GPU Context timeout: 10
Contexts: 1 (stopped = 0)
CPU Caches:
  Glyph Cache: 5.55 MB (1 entry)
  Glyph Count: 54 
Total CPU memory usage:
  5822098 bytes, 5.55 MB (0.00 bytes is purgeable)
GPU Caches:
  Other:
    Other: 38.81 KB (1 entry)
    Buffer Object: 2.50 KB (4 entries)
    GrVkImage: 384.00 KB (2 entries)
  Image:
    Surface: 157.82 KB (3 entries)
  Scratch:
    GrVkTextureRenderTarget: 62.18 MB (8 entries)
    Surface: 4.00 MB (3 entries)
    Buffer Object: 238.00 KB (7 entries)
    GrVkImage: 384.00 KB (16 entries)
Total GPU memory usage:
  70626568 bytes, 67.35 MB (12.73 MB is purgeable)
Detail dimensions: 
GrVkImage:				0		{2048x1024}	2
Surface:				43264		{104x104}	2
GrVkImage:				0		{104x104}	2
Buffer Object:				49152		{0x0}	1
Surface:				2097152		{2048x1024}	2
Buffer Object:				30720		{0x0}	1
GrVkImage:				0		{1220x2656}	4
GrVkTextureRenderTarget:				12961280		{1220x2656}	4
GrVkImage:				0		{128x1}	1
Surface:				128		{128x1}	1
GrVkImage:				0		{256x128}	1
GrVkImage:				131072		{256x128}	2
GrVkImage:				0		{1472x2240}	1
GrVkImage:				0		{128x128}	1
GrVkTextureRenderTarget:				65536		{128x128}	1
GrVkImage:				0		{512x128}	1
GrVkImage:				262144		{512x128}	2
Surface:				75076		{137x137}	1
GrVkImage:				0		{137x137}	1
GrVkTextureRenderTarget:				65536		{512x128}	1
Buffer Object:				32768		{0x0}	5
Buffer Object:				272		{0x0}	1
Buffer Object:				192		{0x0}	1
Buffer Object:				180		{0x0}	1
Buffer Object:				1920		{0x0}	1
GrVkTextureRenderTarget:				13189120		{1472x2240}	1
GrVkTextureRenderTarget:				32768		{256x128}	1

GraphicBufferAllocator buffers:
            Handle |         Size |     W (Stride) x H | Layers |   Format |      Usage | Requestor
0xb400007badc2bb20 | 13280.00 KiB | 1220 (1280) x 2656 |      1 |        1 | 0x10000b00 | VRI[MainActivity]#1(BLAST Consumer)1
0xb400007badc2e460 | 13280.00 KiB | 1220 (1280) x 2656 |      1 |        1 | 0x10000b00 | VRI[MainActivity]#1(BLAST Consumer)1
0xb400007badc36910 | 13280.00 KiB | 1220 (1280) x 2656 |      1 |        1 | 0x10000b00 | VRI[MainActivity]#1(BLAST Consumer)1
0xb400007badc6f800 |    52.00 KiB |  104 ( 128) x  104 |      1 |        1 | 0x     100 | AHardwareBuffer pid [7373]
0xb400007badc78180 | 13280.00 KiB | 1220 (1280) x 2656 |      1 |        1 | 0x10000b00 | VRI[MainActivity]#1(BLAST Consumer)1
0xb400007badc787b0 |    52.00 KiB |  104 ( 128) x  104 |      1 |        1 | 0x     100 | AHardwareBuffer pid [7373]
0xb400007badc78e90 |    52.00 KiB |  104 ( 128) x  104 |      1 |        1 | 0x     100 | AHardwareBuffer pid [7373]
0xb400007badc7ce80 |    52.00 KiB |  104 ( 128) x  104 |      1 |        1 | 0x     100 | AHardwareBuffer pid [7373]
0xb400007badc84570 |    52.00 KiB |  104 ( 128) x  104 |      1 |        1 | 0x     100 | AHardwareBuffer pid [7373]
0xb400007badc85c20 |    52.00 KiB |  104 ( 128) x  104 |      1 |        1 | 0x     100 | AHardwareBuffer pid [7373]
0xb400007badcb44b0 |   102.75 KiB |  137 ( 192) x  137 |      1 |        1 | 0x     100 | AHardwareBuffer pid [7373]
Total allocated by GraphicBufferAllocator (estimate): 53534.75 KB
Imported gralloc buffers:
+ name:AHardwareBuffer pid [7373], id:256107, size:104.00KiB, w/h:137x137, usage: 0x100, req fmt:1, fourcc/mod:875708993/0, dataspace: 0x0, compressed: false
+ name:VRI[MainActivity]#1(BLAST Consumer)1, id:256103, size:13364.00KiB, w/h:1220x2656, usage: 0x10000b00, req fmt:1, fourcc/mod:0/0, dataspace: 0x8810000, compressed: true
+ name:VRI[MainActivity]#1(BLAST Consumer)1, id:256100, size:13364.00KiB, w/h:1220x2656, usage: 0x10000b00, req fmt:1, fourcc/mod:0/0, dataspace: 0x8810000, compressed: true
+ name:AHardwareBuffer pid [7373], id:256059, size:52.00KiB, w/h:104x104, usage: 0x100, req fmt:1, fourcc/mod:875708993/0, dataspace: 0x0, compressed: false
+ name:VRI[MainActivity]#1(BLAST Consumer)1, id:256101, size:13364.00KiB, w/h:1220x2656, usage: 0x10000b00, req fmt:1, fourcc/mod:0/0, dataspace: 0x8810000, compressed: true
+ name:AHardwareBuffer pid [7373], id:256057, size:52.00KiB, w/h:104x104, usage: 0x100, req fmt:1, fourcc/mod:875708993/0, dataspace: 0x0, compressed: false
+ name:VRI[MainActivity]#1(BLAST Consumer)1, id:256102, size:13364.00KiB, w/h:1220x2656, usage: 0x10000b00, req fmt:1, fourcc/mod:0/0, dataspace: 0x8810000, compressed: true
+ name:AHardwareBuffer pid [7373], id:256060, size:52.00KiB, w/h:104x104, usage: 0x100, req fmt:1, fourcc/mod:875708993/0, dataspace: 0x0, compressed: false
+ name:AHardwareBuffer pid [7373], id:256056, size:52.00KiB, w/h:104x104, usage: 0x100, req fmt:1, fourcc/mod:875708993/0, dataspace: 0x0, compressed: false
+ name:AHardwareBuffer pid [7373], id:256055, size:52.00KiB, w/h:104x104, usage: 0x100, req fmt:1, fourcc/mod:875708993/0, dataspace: 0x0, compressed: false
+ name:AHardwareBuffer pid [7373], id:256058, size:52.00KiB, w/h:104x104, usage: 0x100, req fmt:1, fourcc/mod:875708993/0, dataspace: 0x0, compressed: false
Total imported by gralloc: 53872.00KiB

Profile data in ms:

	com.chasel.ng2.n/com.chasel.ng2n.MainActivity/android.view.ViewRootImpl@8679fe0 (visibility=0)
Window: com.chasel.ng2.n/com.chasel.ng2n.MainActivity
Stats since: 248009754963045ns
Total frames rendered: 4202
Janky frames: 18 (0.43%)
Janky frames (legacy): 166 (3.95%)
50th percentile: 10ms
90th percentile: 11ms
95th percentile: 15ms
99th percentile: 17ms
Number Missed Vsync: 0
Number High input latency: 8200
Number Slow UI thread: 0
Number Slow bitmap uploads: 0
Number Slow issue draw commands: 18
Number Frame deadline missed: 18
Number Frame deadline missed (legacy): 0
HISTOGRAM: 5ms=970 6ms=58 7ms=22 8ms=34 9ms=180 10ms=2444 11ms=142 12ms=32 13ms=22 14ms=82 15ms=34 16ms=34 17ms=124 18ms=20 19ms=4 20ms=0 21ms=0 22ms=0 23ms=0 24ms=0 25ms=0 26ms=0 27ms=0 28ms=0 29ms=0 30ms=0 31ms=0 32ms=0 34ms=0 36ms=0 38ms=0 40ms=0 42ms=0 44ms=0 46ms=0 48ms=0 53ms=0 57ms=0 61ms=0 65ms=0 69ms=0 73ms=0 77ms=0 81ms=0 85ms=0 89ms=0 93ms=0 97ms=0 101ms=0 105ms=0 109ms=0 113ms=0 117ms=0 121ms=0 125ms=0 129ms=0 133ms=0 150ms=0 200ms=0 250ms=0 300ms=0 350ms=0 400ms=0 450ms=0 500ms=0 550ms=0 600ms=0 650ms=0 700ms=0 750ms=0 800ms=0 850ms=0 900ms=0 950ms=0 1000ms=0 1050ms=0 1100ms=0 1150ms=0 1200ms=0 1250ms=0 1300ms=0 1350ms=0 1400ms=0 1450ms=0 1500ms=0 1550ms=0 1600ms=0 1650ms=0 1700ms=0 1750ms=0 1800ms=0 1850ms=0 1900ms=0 1950ms=0 2000ms=0 2050ms=0 2100ms=0 2150ms=0 2200ms=0 2250ms=0 2300ms=0 2350ms=0 2400ms=0 2450ms=0 2500ms=0 2550ms=0 2600ms=0 2650ms=0 2700ms=0 2750ms=0 2800ms=0 2850ms=0 2900ms=0 2950ms=0 3000ms=0 3050ms=0 3100ms=0 3150ms=0 3200ms=0 3250ms=0 3300ms=0 3350ms=0 3400ms=0 3450ms=0 3500ms=0 3550ms=0 3600ms=0 3650ms=0 3700ms=0 3750ms=0 3800ms=0 3850ms=0 3900ms=0 3950ms=0 4000ms=0 4050ms=0 4100ms=0 4150ms=0 4200ms=0 4250ms=0 4300ms=0 4350ms=0 4400ms=0 4450ms=0 4500ms=0 4550ms=0 4600ms=0 4650ms=0 4700ms=0 4750ms=0 4800ms=0 4850ms=0 4900ms=0 4950ms=0
50th gpu percentile: 8ms
90th gpu percentile: 10ms
95th gpu percentile: 13ms
99th gpu percentile: 16ms
GPU HISTOGRAM: 1ms=0 2ms=112 3ms=856 4ms=30 5ms=42 6ms=28 7ms=154 8ms=1212 9ms=1334 10ms=100 11ms=24 12ms=36 13ms=70 14ms=36 15ms=52 16ms=108 17ms=8 18ms=0 19ms=0 20ms=0 21ms=0 22ms=0 23ms=0 24ms=0 25ms=0 4950ms=0


RenderLite trim renderNode error: 0

---PROFILEDATA---
Flags,FrameTimelineVsyncId,IntendedVsync,Vsync,InputEventId,HandleInputStart,AnimationStart,PerformTraversalsStart,DrawStart,FrameDeadline,FrameStartTime,FrameInterval,WorkloadTarget,SyncQueued,SyncStart,IssueDrawCommandsStart,SwapBuffers,FrameCompleted,DequeueBufferDuration,QueueBufferDuration,GpuCompleted,SwapBuffersCompleted,DisplayPresentTime,CommandSubmissionCompleted,
0,133420502,248042938515290,248042938515290,0,248042938830689,248042938831418,248042938833189,248042938855533,248043507703689,248042938818970,8318911,13666666,248042938975376,248042939024126,248042939086053,248042939967720,248042948707199,5729,598698,248042948707199,248042940617251,0,248042939967720,
0,133420510,248042946834201,248042946834201,0,248042947436835,248042947437408,248042947439126,248042947460741,248043524341511,248042947426574,8318911,13666666,248042947694751,248042947755428,248042947835064,248042949093866,248042957123658,8281,178281,248042957123658,248042949339074,0,248042949093866,
0,133420518,248042955153113,248042955153113,0,248042955488970,248042955489803,248042955492303,248042955520220,248043540979333,248042955473397,8318911,13666666,248042955674439,248042955732147,248042955806053,248042957036106,248042965316418,6875,166927,248042965316418,248042957268449,0,248042957036106,
0,133420526,248042963472022,248042963472022,0,248042963957876,248042963958658,248042963961210,248042963991470,248043557617155,248042963942095,8318911,13666666,248042964316835,248042964366783,248042964456001,248042965644751,248042973725324,7500,178906,248042973725324,248042965890064,0,248042965644751,
0,133420534,248042971790919,248042971790919,0,248042972158449,248042972159335,248042972161678,248042972192564,248043574254976,248042972141522,8318910,13666666,248042972362876,248042972408814,248042972520949,248042973527616,248042982120533,5521,204219,248042982120533,248042973791314,0,248042973527616,
0,133420542,248042980109833,248042980109833,0,248042980576366,248042980577356,248042980579803,248042980611366,248043590892796,248042980559439,8318910,13666666,248042980763241,248042980808606,248042980872824,248042982052772,248042990548658,5261,193125,248042990548658,248042982315012,0,248042982052772,
0,133420550,248042988428774,248042988428774,0,248042988762720,248042988763345,248042988765064,248042988791887,248043607530618,248042988750064,8318912,13666666,248042988935220,248042988972616,248042989033501,248042989936314,248043000744022,4739,624323,248043000744022,248042990618501,0,248042989936314,
0,133420558,248042996747681,248042996747681,0,248042997761314,248042997762824,248042997767564,248042997856574,248043624168442,248042997713553,8318912,13666666,248042998272356,248042998494908,248042998663918,248042999905376,248043007916105,7032,863542,248043007916105,248043000828710,0,248042999905376,
0,133420566,248043005066592,248043005066592,0,248043005960585,248043005961522,248043005964855,248043006017668,248043640806266,248043005927824,8318912,13666666,248043006392928,248043006458553,248043006546678,248043007891158,248043015725637,8177,301771,248043015725637,248043008260012,0,248043007891158,
0,133420574,248043013385506,248043013385506,0,248043013942095,248043013942720,248043013944439,248043013971418,248043657444090,248043013928970,8318912,13666666,248043014125376,248043014201158,248043014343918,248043015293189,248043023919022,8490,460938,248043023919022,248043015803814,0,248043015293189,
0,133420582,248043021704407,248043021704407,0,248043022457251,248043022458241,248043022460845,248043022486470,248043674081913,248043022443033,8318911,13666666,248043022649699,248043022688762,248043022746418,248043023640064,248043032086991,5729,287136,248043032086991,248043023973553,0,248043023640064,
0,133420590,248043030023321,248043030023321,0,248043030420012,248043030420689,248043030422720,248043030450533,248043690719735,248043030405793,8318911,13666666,248043030792876,248043030847043,248043030934908,248043032246678,248043042637772,7865,177500,248043042637772,248043032488397,0,248043032246678,
0,133420598,248043038342235,248043038342235,0,248043039357408,248043039358293,248043039363449,248043039413241,248043707357557,248043039336626,8318911,13666666,248043039722772,248043039794126,248043039924074,248043041292720,248043048681105,6927,1473542,248043048681105,248043042850585,0,248043041292720,
0,133420606,248043046661160,248043046661160,0,248043047080741,248043047081626,248043047084022,248043047116001,248043723995380,248043047063397,8318912,13666666,248043047352980,248043047643658,248043047907251,248043049867043,248043057280012,30416,388021,248043057280012,248043050364751,0,248043049867043,
0,133420614,248043054980069,248043054980069,0,248043055607616,248043055608345,248043055610637,248043055639178,248043740633204,248043055592824,8318912,13666666,248043055878658,248043055971366,248043056323710,248043057583345,248043065248710,8645,197083,248043065248710,248043057852355,0,248043057583345,
0,133420622,248043063298980,248043063298980,0,248043063689387,248043063690116,248043063692564,248043063715376,248043757271028,248043063677147,8318912,13666666,248043064478814,248043064570741,248043064705064,248043065923814,248043073866939,8021,181771,248043073866939,248043066173397,0,248043065923814,
0,133420630,248043071617889,248043071617889,0,248043072217251,248043072217772,248043072219855,248043072242928,248043773908852,248043072205428,8318912,13666666,248043072521783,248043072593241,248043072681730,248043073843241,248043081845324,8125,177968,248043081845324,248043074086470,0,248043073843241,
0,133420638,248043079936803,248043079936803,0,248043080400845,248043080401887,248043080404387,248043080436835,248043790546676,248043080384387,8318912,13666666,248043080616418,248043080670897,248043080784283,248043082119647,248043090366366,6667,181198,248043090366366,248043082367095,0,248043082119647,
0,133420646,248043088255714,248043088255714,0,248043089042095,248043089043293,248043089045585,248043089078710,248043807184500,248043089025637,8318912,13666666,248043089273449,248043089368866,248043089444647,248043090682408,248043098549178,8229,177239,248043098549178,248043090923293,0,248043090682408,
0,133420654,248043096574626,248043096574626,0,248043097240845,248043097241574,248043097243918,248043097470376,248043823822324,248043097227355,8318912,13666666,248043097766783,248043097838605,248043097921835,248043099138033,248043107185012,8438,177136,248043107185012,248043099378553,0,248043099138033,
0,133420662,248043104893524,248043104893524,0,248043105763189,248043105763866,248043105765949,248043105789283,248043840460147,248043105750689,8318911,13666666,248043106094283,248043106153970,248043106236678,248043107463137,248043115141001,8333,179635,248043115141001,248043107708449,0,248043107463137,
0,133420670,248043113212436,248043113212436,0,248043113534126,248043113534751,248043113536470,248043113565012,248043857097969,248043113522147,8318911,13666666,248043113712616,248043113758397,248043113823345,248043114740272,248043123718137,5573,424636,248043123718137,248043115215012,0,248043114740272,
0,133420678,248043121531331,248043121531331,0,248043122192876,248043122193710,248043122195897,248043122222303,248043873735790,248043122180116,8318910,13666666,248043122396783,248043122462824,248043122746470,248043124080324,248043131712303,10209,218750,248043131712303,248043124365689,0,248043124080324,
0,133420686,248043129850229,248043129850229,0,248043130437512,248043130438241,248043130440116,248043130462824,248043890373609,248043130425428,8318909,13666666,248043130607512,248043130696678,248043130806574,248043132074387,248043140374022,8437,214062,248043140374022,248043132353553,0,248043132074387,
0,133420694,248043138169143,248043138169143,0,248043139169335,248043139170012,248043139172095,248043139193397,248043907011427,248043139158345,8318909,13666666,248043139497824,248043139564647,248043139643137,248043140911314,248043148570480,7864,180156,248043148570480,248043141156574,0,248043140911314,
0,133420702,248043146488052,248043146488052,0,248043147720480,248043147722408,248043147728918,248043147888449,248043923649245,248043147662512,8318909,13666666,248043148641470,248043148710428,248043148846158,248043150075220,248043157235012,6354,186823,248043157235012,248043150326158,0,248043150075220,
0,133420710,248043154806990,248043154806990,0,248043155363033,248043155363658,248043155365376,248043155390793,248043940287065,248043155350116,8318911,13666666,248043155636366,248043155716522,248043155790324,248043157033970,248043165330168,5885,244896,248043165330168,248043157380741,0,248043157033970,
0,133420718,248043163125891,248043163125891,0,248043163613241,248043163614230,248043163616835,248043163649699,248043956924886,248043163596262,8318910,13666666,248043163853970,248043163988658,248043164101314,248043165337928,248043173911939,6719,256771,248043173911939,248043165666730,0,248043165337928,
0,133420726,248043171444802,248043171444802,0,248043172061939,248043172062824,248043172065324,248043172098970,248043973562706,248043172044855,8318910,13666666,248043172283137,248043172374491,248043172480793,248043173733918,248043182056105,6928,202760,248043182056105,248043174005272,0,248043173733918,
0,133420734,248043179763713,248043179763713,0,248043180318918,248043180319855,248043180322303,248043180353970,248043990200526,248043180302043,8318910,13666666,248043180555897,248043180951939,248043181367980,248043183235637,248043190582095,25157,321771,248043190582095,248043183670533,0,248043183235637,
0,133420742,248043188082625,248043188082625,0,248043188742199,248043188743033,248043188745533,248043188778137,248044006838346,248043188725376,8318910,13666666,248043188960897,248043189047199,248043189196991,248043190492043,248043198683345,9948,254896,248043198683345,248043190819960,0,248043190492043,
0,133420750,248043196401550,248043196401550,0,248043196969178,248043196970064,248043196972408,248043197005533,248044023476167,248043196952928,8318911,13666666,248043197214022,248043197348085,248043197439595,248043198862355,248043207115168,7187,207760,248043207115168,248043199139908,0,248043198862355,
0,133420758,248043204720472,248043204720472,0,248043205397616,248043205398553,248043205400480,248043205426678,248044040113990,248043205384126,8318912,13666666,248043205599283,248043205822668,248043205921314,248043206993814,248043215648501,6823,162239,248043215648501,248043207217772,0,248043206993814,
0,133420766,248043213039400,248043213039400,0,248043214095272,248043214095949,248043214097772,248043214123501,248044056751815,248043214079439,8318913,13666666,248043214292512,248043214410533,248043214555793,248043215893345,248043223796626,8490,180937,248043223796626,248043216130741,0,248043215893345,
0,133420774,248043221358298,248043221358298,0,248043221998710,248043221999387,248043222001157,248043222027303,248044073389640,248043221984855,8318912,13666666,248043222186262,248043222246418,248043222389335,248043223414803,248043231795637,6042,401615,248043231795637,248043223877772,0,248043223414803,
0,133420782,248043229677207,248043229677207,0,248043230391366,248043230391991,248043230394595,248043230435012,248044090027463,248043230369907,8318911,13666666,248043230635897,248043230715168,248043230826366,248043231728241,248043239209647,9479,143073,248043239209647,248043231926262,0,248043231728241,
0,133420790,248043237996105,248043237996105,0,248043238398449,248043238399178,248043238403970,248043238444335,248044106665285,248043238378085,8318911,13666666,248043238532251,248043238600585,248043238680741,248043239579230,248043247369230,6927,190833,248043247369230,248043239821782,0,248043239579230,
32,133420844,248043978616333,248043978616333,-171403302,248043978964595,248043979801001,248043980171001,248043980224855,248044123317529,248043978951834,8333333,13666666,248043980405584,248043980483970,248043980653397,248043982259178,248043995153970,20521,296302,248043995153970,248043982679855,0,248043982259178,
32,133420852,248043986949666,248043986949666,-289462760,248043987366834,248043987783345,248043987901574,248043987935845,248044139984195,248043987351730,8333333,13666666,248043988075949,248043988170584,248043988264803,248043989389491,248043996459699,6823,5765573,248043996459699,248043995225063,0,248043989389491,
32,133420860,248043995282999,248043995282999,-415262586,248043996280584,248043997005584,248043997178553,248043997222199,248044156650861,248043996173188,8333333,13666666,248043997375272,248043997431730,248043997578813,248043998734438,248044000941834,7032,200833,248044000941834,248043999273293,0,248043998734438,
32,133420868,248044003616332,248044003616332,-204043934,248044003883241,248044004264334,248044004361261,248044004387407,248044173317527,248044003868657,8333333,13666666,248044004469334,248044004503293,248044004552563,248044005218605,248044018431626,4688,124896,248044018431626,248044005377095,0,248044005218605,
32,133420876,248044011949665,248044011949665,-225583158,248044012193970,248044012492824,248044012582876,248044012609282,248044189984193,248044012180480,8333333,13666666,248044012691313,248044012734907,248044012806678,248044013736782,248044026632616,5469,4757761,248044026632616,248044018586834,0,248044013736782,
32,133420884,248044020282998,248044020282998,-142148265,248044020620949,248044021198553,248044021352563,248044021417251,248044206650859,248044020596834,8333333,13666666,248044021550220,248044021619907,248044021721053,248044023047563,248044034903918,9167,3732917,248044034903918,248044026873449,0,248044023047563,
32,133420892,248044028616331,248044028616331,-317129969,248044028953501,248044029500480,248044029601209,248044029627147,248044223317525,248044028930168,8333333,13666666,248044029720428,248044029772303,248044029849491,248044030927303,248044043356522,7605,4005261,248044043356522,248044035001001,0,248044030927303,
32,133420900,248044041689666,248044041689666,-305086149,248044042049230,248044042684751,248044042798709,248044042828918,248044239984191,248044042032563,8333333,13666666,248044042934282,248044043007511,248044043150636,248044044868918,248044052160897,15105,318385,248044052160897,248044045287095,0,248044044868918,
32,133420908,248044050022999,248044050022999,-544146105,248044050731991,248044051323866,248044051472876,248044051498553,248044256650857,248044050708605,8333333,13666666,248044051588761,248044051682720,248044051818709,248044053115532,248044059861834,10885,170781,248044059861834,248044053346730,0,248044053115532,
32,133420916,248044058356332,248044058356332,-412282088,248044058729022,248044059107095,248044059210063,248044059234022,248044273317523,248044058713293,8333333,13666666,248044059335584,248044059388032,248044059464491,248044060623866,248044068777772,6927,149583,248044068777772,248044060830168,0,248044060623866,
32,133420924,248044066689665,248044066689665,-1062736940,248044067347980,248044067861574,248044067986782,248044068054491,248044289984189,248044067329699,8333333,13666666,248044068169438,248044068237199,248044068353501,248044069720949,248044076696157,8646,205781,248044076696157,248044069999491,0,248044069720949,
32,133420932,248044075022998,248044075022998,-895413417,248044075783761,248044076741313,248044076866209,248044076900011,248044306636293,248044075764907,8318771,13666666,248044077003188,248044077044178,248044077132407,248044078320376,248044085182303,8021,199688,248044085182303,248044078591834,0,248044078320376,
32,133420940,248044083210950,248044083210950,-189410361,248044083511991,248044083875011,248044084129595,248044084158449,248044323273835,248044083495897,8318771,13666666,248044084263605,248044084311574,248044084389178,248044085581313,248044093291261,6771,199323,248044093291261,248044085851626,0,248044085581313,
32,133420948,248044091529721,248044091529721,-922175641,248044091778449,248044092176991,248044092280011,248044092305376,248044339911377,248044091764803,8318771,13666666,248044092391886,248044092435897,248044092506626,248044093641313,248044101650011,7031,169480,248044101650011,248044093870949,0,248044093641313,
32,133420956,248044099690228,248044099690228,-243611806,248044100111313,248044100515063,248044100683293,248044100712928,248044356532549,248044100092980,8302401,13666666,248044100815793,248044100849074,248044100916834,248044101949074,248044109902824,6511,162083,248044109902824,248044102168970,0,248044101949074,
32,133420964,248044107959979,248044107959979,-563811253,248044108562303,248044109074699,248044109198293,248044109227459,248044373134877,248044108543918,8299927,13666666,248044109331990,248044109406418,248044109488761,248044110722980,248044118329803,9740,214740,248044118329803,248044111006261,0,248044110722980,
32,133420972,248044116265577,248044116265577,-244661667,248044116655272,248044117128553,248044117251730,248044117282355,248044389734743,248044116638240,8299939,13666666,248044117387980,248044117438084,248044117512251,248044118636001,248044126476365,6458,169323,248044126476365,248044118869647,125780153691231,248044118636001,
32,133420980,248044124569406,248044124569406,-955934774,248044124922668,248044125292980,248044125396938,248044125424543,248044406335396,248044124906470,8300714,13666666,248044125518240,248044125571574,248044125653813,248044126880897,248044134955688,7969,179375,248044134955688,248044127129647,7309464732524569964,248044126880897,
32,133420988,248044132884215,248044132884215,-856614626,248044133607199,248044134053918,248044134144230,248044134168709,248044422937867,248044133412355,8301757,13666666,248044134254699,248044134303397,248044134378918,248044135551053,248044143143970,7604,160313,248044143143970,248044135774699,8100961328684823647,248044135551053,
32,133420996,248044141200171,248044141200171,-961128635,248044142295376,248044142680011,248044142800272,248044142828345,248044439542496,248044142279178,8302872,13666666,248044142930063,248044142963553,248044143048501,248044143998813,248044151601157,5834,152448,248044151601157,248044144230428,7809911830588908916,248044143998813,
32,133421004,248044149526191,248044149526191,-162929337,248044149905793,248044150285532,248044150399803,248044150442043,248044456149344,248044149890376,8303976,13666666,248044150528501,248044150558918,248044150620949,248044151576626,248044160239699,5104,138021,248044160239699,248044151768084,7306085877491393385,248044151576626,
32,133421012,248044157845057,248044157845057,-71588516,248044158871157,248044159420897,248044159557772,248044159587147,248044472758351,248044158854490,8305031,13666666,248044159700688,248044159813136,248044160112720,248044161885480,248044168664907,25937,392813,248044168664907,248044162398136,8097316434837661042,248044161885480,
32,133421020,248044166158040,248044166158040,-447497659,248044166871418,248044167552772,248044167675063,248044167706782,248044489369402,248044166854595,8306020,13666666,248044167812511,248044167967980,248044168168084,248044170165949,248044176893553,8906,218541,248044176893553,248044170547407,0,248044170165949,
32,133421028,248044174478609,248044174478609,-1038029163,248044175189543,248044175750845,248044175881990,248044175910220,248044505982360,248044175172668,8306938,13666666,248044176090688,248044176518449,248044176653188,248044177996209,248044185512563,6094,192969,248044185512563,248044178264178,0,248044177996209,
32,133421036,248044182800418,248044182800418,-1056059842,248044184206678,248044185231886,248044185536418,248044185600584,248044522597080,248044184147980,8307782,13666666,248044185785324,248044185858605,248044186008761,248044187126157,248044193376886,6354,178177,248044193376886,248044187367928,0,248044187126157,
32,133421044,248044191123240,248044191123240,-208798286,248044191945845,248044192450480,248044192565688,248044192595220,248044539213420,248044191928449,8308558,13666666,248044192712824,248044192764855,248044192844959,248044194057563,248044202009959,7239,177396,248044202009959,248044194298553,0,248044194057563,
32,133421052,248044199445070,248044199445070,-500960106,248044200216418,248044200724438,248044200852355,248044200881886,248044555831245,248044200197563,8309267,13666666,248044200989438,248044201059543,248044201166782,248044202451574,248044210275428,8542,202291,248044210275428,248044202724230,0,248044202451574,
32,133421060,248044207762754,248044207762754,-4151659,248044208491626,248044209101626,248044209252043,248044209397615,248044572450430,248044208473084,8309918,13666666,248044209521886,248044209581209,248044209690584,248044211125949,248044218732563,7552,210573,248044218732563,248044211410532,0,248044211125949,
32,133421068,248044216085801,248044216085801,-567754260,248044216538032,248044217151053,248044217285324,248044217317043,248044589071039,248044216519126,8310691,13666666,248044217425845,248044217813605,248044218032199,248044219432459,248044227265740,7344,276355,248044227265740,248044219780220,0,248044219432459,
32,133421076,248044224411834,248044224411834,-636316903,248044225204230,248044225839803,248044225989595,248044226050324,248044605693420,248044225157511,8311690,13666666,248044226164334,248044226249022,248044226367615,248044227709074,248044235211782,9271,169739,248044235211782,248044227938345,0,248044227709074,
32,133421084,248044232741261,248044232741261,-612911591,248044233191261,248044233646886,248044233783709,248044233817303,248044622318060,248044233171834,8312950,13666666,248044233931626,248044234045688,248044234253501,248044235479543,248044243204386,7865,200000,248044243204386,248044235736001,0,248044235479543,
32,133421092,248044241074759,248044241074759,-1001253901,248044241438970,248044241872303,248044242144074,248044242173605,248044638945536,248044241422511,8314526,13666666,248044242274647,248044242319230,248044242416157,248044243668813,248044251934438,8802,201562,248044251934438,248044243941261,0,248044243668813,
32,133421100,248044249413051,248044249413051,-754520580,248044250343501,248044250833345,248044250944699,248044250971001,248044655576536,248044250328032,8316474,13666666,248044251074490,248044251132095,248044251213345,248044252736053,248044260054126,9427,198698,248044260054126,248044253007355,0,248044252736053,
32,133421108,248044257757563,248044257757563,-914685670,248044258874647,248044259339543,248044259463240,248044259492876,248044672211922,248044258762355,8318912,13666666,248044259599907,248044259643449,248044259736886,248044261070740,248044268416678,8229,259270,248044268416678,248044261401782,0,248044261070740,
32,133421116,248044266076488,248044266076488,-1033257995,248044266422147,248044266445740,248044266602251,248044266804438,248044688849747,248044266405480,8318913,13666666,248044266931470,248044267026626,248044267100324,248044268421626,248044278577407,7083,188385,248044278577407,248044268667459,0,248044268421626,
32,133421124,248044274395386,248044274395386,0,248044275051938,248044275052980,248044275380480,248044275424959,248044705487572,248044275024022,8318912,13666666,248044275557720,248044275638397,248044275816730,248044277290011,248044286736522,15469,1285885,248044286736522,248044278648032,0,248044277290011,
32,133421132,248044282714282,248044282714282,0,248044283464647,248044283465845,248044283821730,248044283875272,248044722125395,248044283431418,8318911,13666666,248044284091261,248044284162772,248044284330480,248044286326365,248044293119959,19896,424896,248044293119959,248044286802355,0,248044286326365,
32,133421140,248044291033179,248044291033179,0,248044291425480,248044291426313,248044291596053,248044291621782,248044738763216,248044291409803,8318910,13666666,248044291703553,248044291780324,248044291888761,248044293301782,248044301777720,6771,204948,248044301777720,248044293581105,0,248044293301782,
0,133421148,248044299352091,248044299352091,0,248044300399490,248044300400376,248044300403032,248044300436782,248044755401036,248044300380845,8318910,13666666,248044300656834,248044300726001,248044300807147,248044302081261,248044310098345,7761,176770,248044310098345,248044302328865,0,248044302081261,
0,133421156,248044307671002,248044307671002,0,248044308627407,248044308628397,248044308631470,248044308670584,248044772038856,248044308609074,8318910,13666666,248044309593188,248044309669438,248044309790168,248044311774751,248044320184542,11771,264271,248044320184542,248044312107303,0,248044311774751,
0,133421164,248044315989914,248044315989914,0,248044316637042,248044316638605,248044316643501,248044316698032,248044788676676,248044316608501,8318910,13666666,248044317066574,248044317158813,248044317369282,248044319145845,248044327231261,19844,1056146,248044327231261,248044320278084,0,248044319145845,
0,133421172,248044324308825,248044324308825,0,248044324760897,248044324761730,248044324767251,248044324809074,248044805314496,248044324731574,8318910,13666666,248044325127720,248044325259022,248044325424386,248044326954334,248044335044803,8750,299063,248044335044803,248044327324438,0,248044326954334,
0,133421180,248044332627723,248044332627723,0,248044333108917,248044333109751,248044333112147,248044333155272,248044821952315,248044333081886,8318909,13666666,248044333397667,248044333556886,248044333642042,248044334895740,248044343095532,6615,190573,248044343095532,248044335157303,0,248044334895740,
0,133421188,248044340946645,248044340946645,0,248044341287563,248044341288032,248044341289959,248044341317563,248044838590134,248044341275688,8318910,13666666,248044341548449,248044341673709,248044341768553,248044343150480,248044351833709,5677,217447,248044351833709,248044343432511,0,248044343150480,
0,133421196,248044349265562,248044349265562,0,248044349980272,248044349981105,248044349983709,248044350016417,248044855227954,248044349962303,8318910,13666666,248044350314022,248044350413449,248044350507980,248044351751678,248044359789595,8333,173281,248044359789595,248044351987720,0,248044351751678,
0,133421204,248044357584487,248044357584487,0,248044358186574,248044358187511,248044358190115,248044358224126,248044871865775,248044358168292,8318911,13666666,248044358424022,248044358525011,248044358610167,248044359799334,248044368376990,8021,258230,248044368376990,248044360121209,0,248044359799334,
0,133421212,248044365903387,248044365903387,0,248044366367355,248044366368240,248044366370376,248044366398032,248044888503596,248044366351313,8318910,13666666,248044366557667,248044366625949,248044366706886,248044367939803,248044376401417,6458,435521,248044376401417,248044368443709,0,248044367939803,
0,133421220,248044374222310,248044374222310,0,248044374986313,248044374987199,248044374989595,248044375021626,248044905141417,248044374969438,8318911,13666666,248044375252303,248044375321990,248044375493761,248044377014855,248044385008032,7968,172136,248044385008032,248044377296990,0,248044377014855,
0,133421228,248044382541235,248044382541235,0,248044383143813,248044383145584,248044383148136,248044383180636,248044921779240,248044383126365,8318912,13666666,248044383369699,248044383456001,248044383546574,248044384862824,248044392979751,6563,178333,248044392979751,248044385108917,0,248044384862824,
0,133421236,248044390860144,248044390860144,0,248044391788813,248044391789647,248044391792147,248044391951417,248044938417064,248044391773188,8318912,13666666,248044392273553,248044392481678,248044392568449,248044393814803,248044401693865,8386,178907,248044401693865,248044394064542,0,248044393814803,
0,133421244,248044399179055,248044399179055,0,248044399783449,248044399784803,248044399787303,248044399819282,248044955054888,248044399766417,8318912,13666666,248044400061834,248044400158032,248044400238813,248044401482407,248044409776105,6615,212865,248044409776105,248044401763501,0,248044401482407,
0,133421252,248044407497972,248044407497972,0,248044407961001,248044407961886,248044407964386,248044407997095,248044971692712,248044407944855,8318912,13666666,248044408347407,248044408490949,248044408781053,248044410081365,248044418287459,6771,229792,248044418287459,248044410379751,0,248044410081365,
0,133421260,248044415816897,248044415816897,0,248044416769126,248044416770063,248044416772511,248044416807511,248044988330537,248044416751730,8318913,13666666,248044417028032,248044417231001,248044417472667,248044419465636,248044426824803,22604,360261,248044426824803,248044419948553,0,248044419465636,
0,133421268,248044424135809,248044424135809,0,248044424647407,248044424648032,248044424649751,248044424687563,248045004968363,248044424633397,8318913,13666666,248044424949126,248044425273605,248044425438917,248044426870480,248044435324803,9323,269532,248044435324803,248044427216001,0,248044426870480,
0,133421276,248044432454733,248044432454733,0,248044432831834,248044432833136,248044432834959,248044432867042,248045021606190,248044432817928,8318914,13666666,248044433121522,248044433171053,248044433301938,248044434534855,248044442640532,9427,811458,248044442640532,248044435421209,0,248044434534855,
0,133421291,248044440773632,248044440773632,0,248044441070480,248044441071261,248044441073084,248044441101938,248045038244017,248044441057095,8318913,13666666,248044441232251,248044441271417,248044441346730,248044442179490,248044451288501,4948,556250,248044451288501,248044442793553,0,248044442179490,
0,133421306,248044449092532,248044449092532,0,248044449564542,248044449565167,248044449567355,248044449595272,248045054881842,248044449547928,8318912,13666666,248044449751105,248044449818501,248044449891470,248044450830845,248044459367928,7084,458229,248044459367928,248044451343084,0,248044450830845,
0,133421321,248044457411430,248044457411430,0,248044457699490,248044457700272,248044457702720,248044457732928,248045071519665,248044457683240,8318911,13666666,248044457912042,248044457967042,248044458049647,248044459275272,248044468269959,7187,220937,248044468269959,248044459567095,0,248044459275272,
0,133421336,248044465730341,248044465730341,0,248044466292928,248044466293761,248044466296522,248044466341001,248045088157487,248044466269490,8318911,13666666,248044466580428,248044466684803,248044466819178,248044468434386,248044476265636,7500,208854,248044476265636,248044468722615,0,248044468434386,
0,133421344,248044474049253,248044474049253,0,248044474714126,248044474714959,248044474717667,248044474771365,248045104795309,248044474693032,8318911,13666666,248044475014751,248044475185167,248044475289490,248044476773345,248044485151209,7239,203646,248044485151209,248044477053657,0,248044476773345,
0,133421352,248044482368167,248044482368167,0,248044483501261,248044483502147,248044483504595,248044483543240,248045121433131,248044483481886,8318911,13666666,248044483756365,248044483932303,248044484056574,248044485426313,248044492931626,6458,189115,248044492931626,248044485686678,0,248044485426313,
0,133421360,248044490687081,248044490687081,0,248044491376470,248044491377355,248044491379647,248044491424022,248045138070953,248044491358345,8318911,13666666,248044491622667,248044491734647,248044491841626,248044493225272,248044501453657,6770,192552,248044501453657,248044493490740,0,248044493225272,
0,133421368,248044499005978,248044499005978,0,248044499710272,248044499711209,248044499714074,248044499753084,248045154708774,248044499688032,8318910,13666666,248044500052303,248044500111782,248044500219178,248044501464959,248044509793761,8385,189427,248044509793761,248044501720792,0,248044501464959,
0,133421376,248044507324877,248044507324877,0,248044507911886,248044507912720,248044507915115,248044507950376,248045171346593,248044507894438,8318909,13666666,248044508360324,248044508477720,248044508590428,248044510071730,248044518254490,9219,237657,248044518254490,248044510385376,0,248044510071730,
0,133421384,248044515643815,248044515643815,0,248044515907095,248044515907772,248044515909751,248044516260272,248045187984413,248044515892928,8318911,13666666,248044516454282,248044516520167,248044516591001,248044517599074,248044526148917,6302,689219,248044526148917,248044518338449,0,248044517599074,
0,133421392,248044523962727,248044523962727,0,248044524413188,248044524413813,248044524415532,248044524440063,248045204622235,248044524398501,8318911,13666666,248044524618917,248044524688657,248044524767615,248044525778761,248044535137824,6198,386302,248044535137824,248044526222772,0,248044525778761,
0,133421400,248044532281651,248044532281651,0,248044533034282,248044533035167,248044533038709,248044533072824,248045221260058,248044533013553,8318912,13666666,248044533271105,248044533393240,248044533509907,248044534769022,248044542853032,6666,379844,248044542853032,248044535220949,0,248044534769022,
0,133421408,248044540600550,248044540600550,0,248044540984490,248044540985272,248044540987824,248044541021574,248045237897881,248044540970167,8318911,13666666,248044541312094,248044541415219,248044541507615,248044542739282,248044551416938,8958,265938,248044551416938,248044543071938,0,248044542739282,
0,133421416,248044548919461,248044548919461,0,248044549591365,248044549592563,248044549594959,248044549629074,248045254535703,248044549573136,8318911,13666666,248044549815115,248044549897199,248044549981886,248044551244907,248044559491105,6042,195886,248044559491105,248044551507042,0,248044551244907,
0,133421424,248044557238373,248044557238373,0,248044557630324,248044557631209,248044557633397,248044557665376,248045271173525,248044557614126,8318911,13666666,248044557847251,248044557917876,248044558006886,248044559306209,248044568262772,6563,191146,248044568262772,248044559567563,0,248044559306209,
0,133421432,248044565557270,248044565557270,0,248044565957459,248044565958240,248044565960636,248044565992876,248045287811346,248044565941105,8318910,13666666,248044566201313,248044566277407,248044566380740,248044567648240,248044576209230,6875,653958,248044576209230,248044568373761,0,248044567648240,
0,133421440,248044573876195,248044573876195,0,248044574504959,248044574505792,248044574508553,248044574540897,248045304449167,248044574488136,8318911,13666666,248044574733969,248044574837772,248044574917876,248044576238344,248044584663813,6302,181927,248044584663813,248044576487876,0,248044576238344,
0,133421448,248044582195120,248044582195120,0,248044582781261,248044582782199,248044582784959,248044582817563,248045321086990,248044582764126,8318912,13666666,248044582997980,248044583072667,248044583180011,248044584475532,248044592779074,7239,176042,248044592779074,248044584720115,7306934700536131427,248044584475532,
0,133421456,248044590514029,248044590514029,0,248044591276834,248044591277667,248044591280011,248044591311365,248045337724814,248044591261053,8318912,13666666,248044591510532,248044591597719,248044591710428,248044593012563,248044601431834,6562,238646,248044601431834,248044593319230,8318823021040067423,248044593012563,
0,133421464,248044598832940,248044598832940,0,248044599609647,248044599610584,248044599613032,248044599645532,248045354362638,248044599593032,8318912,13666666,248044599834386,248044599928917,248044600160636,248044601330011,248044609514386,8490,177865,248044609514386,248044601572719,6874028453762003572,248044601330011,
0,133421472,248044607151857,248044607151857,0,248044607626574,248044607627407,248044607629751,248044607659542,248045371000462,248044607610324,8318912,13666666,248044607919751,248044608096209,248044608466678,248044609903657,248044617902980,7656,245156,248044617902980,248044610220480,7956012745154194530,248044609903657,
0,133421480,248044615470768,248044615470768,0,248044616088657,248044616089542,248044616091886,248044616124594,248045387638286,248044616070740,8318912,13666666,248044616343969,248044616474594,248044616627563,248044618529438,248044626000584,15417,325990,248044626000584,248044618971522,7307502065682249069,248044618529438,
0,133421488,248044623789669,248044623789669,0,248044624467042,248044624467980,248044624470740,248044624508865,248045404276109,248044624450324,8318911,13666666,248044624714386,248044624835219,248044624998292,248044626434074,248044634504855,11146,228177,248044634504855,248044626735480,8169381708511007304,248044626434074,
0,133421496,248044632108581,248044632108581,0,248044632735115,248044632735688,248044632738136,248044632764542,248045420913931,248044632721678,8318911,13666666,248044632999959,248044633226834,248044633310376,248044634356365,248044642614334,6667,201615,248044642614334,248044634613449,8097283393133169494,248044634356365,
0,133421504,248044640427478,248044640427478,0,248044641438240,248044641439699,248044641441990,248044641469542,248045437551752,248044641423084,8318910,13666666,248044641781261,248044642002824,248044642091365,248044643387928,248044651723761,5834,170468,248044651723761,248044643624282,5431142508371378177,248044643387928,
0,133421512,248044648746401,248044648746401,0,248044649024178,248044649024803,248044649026782,248044649053657,248045454189573,248044649010480,8318911,13666666,248044649197094,248044649537199,248044649671626,248044650631053,248044659236782,5052,1121198,248044659236782,248044651820011,8589934592,248044650631053,
0,133421520,248044657065310,248044657065310,0,248044657519855,248044657520740,248044657523761,248044657557094,248045470827395,248044657502615,8318911,13666666,248044657743761,248044657840949,248044658006313,248044659475636,248044666865428,8230,296355,248044666865428,248044659844907,0,248044659475636,
0,133421528,248044665384207,248044665384207,0,248044665831626,248044665832563,248044665835532,248044665875584,248045487465216,248044665814074,8318910,13666666,248044666526938,248044666590532,248044666836574,248044667794594,248044674725480,6875,387136,248044674725480,248044668299022,0,248044667794594,
---PROFILEDATA---


View hierarchy:

  com.chasel.ng2.n/com.chasel.ng2n.MainActivity/android.view.ViewRootImpl@8679fe0
  11 views, 19.95 kB of render nodes


  Dynamic VRI BBQ Log.  render_draw: false  hdr_dimmer: false  blur_blend: false  hwui_window_decor: false  sync_barrier: false

Total ViewRootImpl   : 1
Total attached Views : 11
Total RenderNode     : 19.95 kB (used) / 44.01 kB (capacity)

