Applications Graphics Acceleration Info:
Uptime: 247981382 Realtime: 686175885

** Graphics info for pid 7373 [com.chasel.ng2.n] **

Stats since: 247947684234944ns
Total frames rendered: 7174
Janky frames: 0 (0.00%)
Janky frames (legacy): 640 (8.92%)
50th percentile: 5ms
90th percentile: 11ms
95th percentile: 17ms
99th percentile: 19ms
Number Missed Vsync: 0
Number High input latency: 14348
Number Slow UI thread: 0
Number Slow bitmap uploads: 0
Number Slow issue draw commands: 0
Number Frame deadline missed: 0
Number Frame deadline missed (legacy): 0
HISTOGRAM: 5ms=4862 6ms=142 7ms=38 8ms=28 9ms=226 10ms=1152 11ms=52 12ms=20 13ms=2 14ms=4 15ms=6 16ms=20 17ms=290 18ms=146 19ms=156 20ms=20 21ms=2 22ms=0 23ms=2 24ms=0 25ms=0 26ms=4 27ms=0 28ms=0 29ms=0 30ms=2 31ms=0 32ms=0 34ms=0 36ms=0 38ms=0 40ms=0 42ms=0 44ms=0 46ms=0 48ms=0 53ms=0 57ms=0 61ms=0 65ms=0 69ms=0 73ms=0 77ms=0 81ms=0 85ms=0 89ms=0 93ms=0 97ms=0 101ms=0 105ms=0 109ms=0 113ms=0 117ms=0 121ms=0 125ms=0 129ms=0 133ms=0 150ms=0 200ms=0 250ms=0 300ms=0 350ms=0 400ms=0 450ms=0 500ms=0 550ms=0 600ms=0 650ms=0 700ms=0 750ms=0 800ms=0 850ms=0 900ms=0 950ms=0 1000ms=0 1050ms=0 1100ms=0 1150ms=0 1200ms=0 1250ms=0 1300ms=0 1350ms=0 1400ms=0 1450ms=0 1500ms=0 1550ms=0 1600ms=0 1650ms=0 1700ms=0 1750ms=0 1800ms=0 1850ms=0 1900ms=0 1950ms=0 2000ms=0 2050ms=0 2100ms=0 2150ms=0 2200ms=0 2250ms=0 2300ms=0 2350ms=0 2400ms=0 2450ms=0 2500ms=0 2550ms=0 2600ms=0 2650ms=0 2700ms=0 2750ms=0 2800ms=0 2850ms=0 2900ms=0 2950ms=0 3000ms=0 3050ms=0 3100ms=0 3150ms=0 3200ms=0 3250ms=0 3300ms=0 3350ms=0 3400ms=0 3450ms=0 3500ms=0 3550ms=0 3600ms=0 3650ms=0 3700ms=0 3750ms=0 3800ms=0 3850ms=0 3900ms=0 3950ms=0 4000ms=0 4050ms=0 4100ms=0 4150ms=0 4200ms=0 4250ms=0 4300ms=0 4350ms=0 4400ms=0 4450ms=0 4500ms=0 4550ms=0 4600ms=0 4650ms=0 4700ms=0 4750ms=0 4800ms=0 4850ms=0 4900ms=0 4950ms=0
50th gpu percentile: 3ms
90th gpu percentile: 9ms
95th gpu percentile: 16ms
99th gpu percentile: 16ms
GPU HISTOGRAM: 1ms=0 2ms=1254 3ms=3658 4ms=78 5ms=64 6ms=32 7ms=180 8ms=762 9ms=444 10ms=46 11ms=14 12ms=4 13ms=8 14ms=18 15ms=134 16ms=452 17ms=20 18ms=2 19ms=0 20ms=0 21ms=0 22ms=0 23ms=0 24ms=2 25ms=2 4950ms=0

Pipeline=Skia (Vulkan)
Memory policy:
  Max surface area: 3240320
  Max resource usage: 466.61MB (x48)
  Background retention: 50% (altUiHidden = true)
  GPU Context timeout: 10
Contexts: 1 (stopped = 0)
CPU Caches:
  Glyph Cache: 5.55 MB (1 entry)
  Glyph Count: 54 
Total CPU memory usage:
  5822098 bytes, 5.55 MB (0.00 bytes is purgeable)
GPU Caches:
  Other:
    Other: 38.81 KB (1 entry)
    Buffer Object: 2.50 KB (4 entries)
    GrVkImage: 384.00 KB (2 entries)
  Image:
    Surface: 157.82 KB (3 entries)
  Scratch:
    GrVkTextureRenderTarget: 62.18 MB (8 entries)
    Surface: 4.00 MB (3 entries)
    Buffer Object: 238.00 KB (7 entries)
    GrVkImage: 384.00 KB (16 entries)
Total GPU memory usage:
  70626568 bytes, 67.35 MB (12.73 MB is purgeable)
Detail dimensions: 
GrVkImage:				0		{2048x1024}	2
Surface:				43264		{104x104}	2
GrVkImage:				0		{104x104}	2
Buffer Object:				49152		{0x0}	1
Surface:				2097152		{2048x1024}	2
Buffer Object:				30720		{0x0}	1
GrVkImage:				0		{1220x2656}	4
GrVkTextureRenderTarget:				12961280		{1220x2656}	4
GrVkImage:				0		{128x1}	1
Surface:				128		{128x1}	1
GrVkImage:				0		{256x128}	1
GrVkImage:				131072		{256x128}	2
GrVkImage:				0		{1472x2240}	1
GrVkImage:				0		{128x128}	1
GrVkTextureRenderTarget:				65536		{128x128}	1
GrVkImage:				0		{512x128}	1
GrVkImage:				262144		{512x128}	2
Surface:				75076		{137x137}	1
GrVkImage:				0		{137x137}	1
GrVkTextureRenderTarget:				65536		{512x128}	1
Buffer Object:				32768		{0x0}	5
Buffer Object:				272		{0x0}	1
Buffer Object:				192		{0x0}	1
Buffer Object:				180		{0x0}	1
Buffer Object:				1920		{0x0}	1
GrVkTextureRenderTarget:				13189120		{1472x2240}	1
GrVkTextureRenderTarget:				32768		{256x128}	1

GraphicBufferAllocator buffers:
            Handle |         Size |     W (Stride) x H | Layers |   Format |      Usage | Requestor
0xb400007badc2bb20 | 13280.00 KiB | 1220 (1280) x 2656 |      1 |        1 | 0x10000b00 | VRI[MainActivity]#1(BLAST Consumer)1
0xb400007badc2e460 | 13280.00 KiB | 1220 (1280) x 2656 |      1 |        1 | 0x10000b00 | VRI[MainActivity]#1(BLAST Consumer)1
0xb400007badc36910 | 13280.00 KiB | 1220 (1280) x 2656 |      1 |        1 | 0x10000b00 | VRI[MainActivity]#1(BLAST Consumer)1
0xb400007badc6f800 |    52.00 KiB |  104 ( 128) x  104 |      1 |        1 | 0x     100 | AHardwareBuffer pid [7373]
0xb400007badc78180 | 13280.00 KiB | 1220 (1280) x 2656 |      1 |        1 | 0x10000b00 | VRI[MainActivity]#1(BLAST Consumer)1
0xb400007badc787b0 |    52.00 KiB |  104 ( 128) x  104 |      1 |        1 | 0x     100 | AHardwareBuffer pid [7373]
0xb400007badc78e90 |    52.00 KiB |  104 ( 128) x  104 |      1 |        1 | 0x     100 | AHardwareBuffer pid [7373]
0xb400007badc7ce80 |    52.00 KiB |  104 ( 128) x  104 |      1 |        1 | 0x     100 | AHardwareBuffer pid [7373]
0xb400007badc84570 |    52.00 KiB |  104 ( 128) x  104 |      1 |        1 | 0x     100 | AHardwareBuffer pid [7373]
0xb400007badc85c20 |    52.00 KiB |  104 ( 128) x  104 |      1 |        1 | 0x     100 | AHardwareBuffer pid [7373]
0xb400007badcb44b0 |   102.75 KiB |  137 ( 192) x  137 |      1 |        1 | 0x     100 | AHardwareBuffer pid [7373]
Total allocated by GraphicBufferAllocator (estimate): 53534.75 KB
Imported gralloc buffers:
+ name:AHardwareBuffer pid [7373], id:256107, size:104.00KiB, w/h:137x137, usage: 0x100, req fmt:1, fourcc/mod:875708993/0, dataspace: 0x0, compressed: false
+ name:VRI[MainActivity]#1(BLAST Consumer)1, id:256103, size:13364.00KiB, w/h:1220x2656, usage: 0x10000b00, req fmt:1, fourcc/mod:0/0, dataspace: 0x8810000, compressed: true
+ name:VRI[MainActivity]#1(BLAST Consumer)1, id:256100, size:13364.00KiB, w/h:1220x2656, usage: 0x10000b00, req fmt:1, fourcc/mod:0/0, dataspace: 0x8810000, compressed: true
+ name:AHardwareBuffer pid [7373], id:256059, size:52.00KiB, w/h:104x104, usage: 0x100, req fmt:1, fourcc/mod:875708993/0, dataspace: 0x0, compressed: false
+ name:VRI[MainActivity]#1(BLAST Consumer)1, id:256101, size:13364.00KiB, w/h:1220x2656, usage: 0x10000b00, req fmt:1, fourcc/mod:0/0, dataspace: 0x8810000, compressed: true
+ name:AHardwareBuffer pid [7373], id:256057, size:52.00KiB, w/h:104x104, usage: 0x100, req fmt:1, fourcc/mod:875708993/0, dataspace: 0x0, compressed: false
+ name:VRI[MainActivity]#1(BLAST Consumer)1, id:256102, size:13364.00KiB, w/h:1220x2656, usage: 0x10000b00, req fmt:1, fourcc/mod:0/0, dataspace: 0x8810000, compressed: true
+ name:AHardwareBuffer pid [7373], id:256060, size:52.00KiB, w/h:104x104, usage: 0x100, req fmt:1, fourcc/mod:875708993/0, dataspace: 0x0, compressed: false
+ name:AHardwareBuffer pid [7373], id:256056, size:52.00KiB, w/h:104x104, usage: 0x100, req fmt:1, fourcc/mod:875708993/0, dataspace: 0x0, compressed: false
+ name:AHardwareBuffer pid [7373], id:256055, size:52.00KiB, w/h:104x104, usage: 0x100, req fmt:1, fourcc/mod:875708993/0, dataspace: 0x0, compressed: false
+ name:AHardwareBuffer pid [7373], id:256058, size:52.00KiB, w/h:104x104, usage: 0x100, req fmt:1, fourcc/mod:875708993/0, dataspace: 0x0, compressed: false
Total imported by gralloc: 53872.00KiB

Profile data in ms:

	com.chasel.ng2.n/com.chasel.ng2n.MainActivity/android.view.ViewRootImpl@8679fe0 (visibility=0)
Window: com.chasel.ng2.n/com.chasel.ng2n.MainActivity
Stats since: 247947684234371ns
Total frames rendered: 7174
Janky frames: 0 (0.00%)
Janky frames (legacy): 640 (8.92%)
50th percentile: 5ms
90th percentile: 11ms
95th percentile: 17ms
99th percentile: 19ms
Number Missed Vsync: 0
Number High input latency: 14348
Number Slow UI thread: 0
Number Slow bitmap uploads: 0
Number Slow issue draw commands: 0
Number Frame deadline missed: 0
Number Frame deadline missed (legacy): 0
HISTOGRAM: 5ms=4862 6ms=142 7ms=38 8ms=28 9ms=226 10ms=1152 11ms=52 12ms=20 13ms=2 14ms=4 15ms=6 16ms=20 17ms=290 18ms=146 19ms=156 20ms=20 21ms=2 22ms=0 23ms=2 24ms=0 25ms=0 26ms=4 27ms=0 28ms=0 29ms=0 30ms=2 31ms=0 32ms=0 34ms=0 36ms=0 38ms=0 40ms=0 42ms=0 44ms=0 46ms=0 48ms=0 53ms=0 57ms=0 61ms=0 65ms=0 69ms=0 73ms=0 77ms=0 81ms=0 85ms=0 89ms=0 93ms=0 97ms=0 101ms=0 105ms=0 109ms=0 113ms=0 117ms=0 121ms=0 125ms=0 129ms=0 133ms=0 150ms=0 200ms=0 250ms=0 300ms=0 350ms=0 400ms=0 450ms=0 500ms=0 550ms=0 600ms=0 650ms=0 700ms=0 750ms=0 800ms=0 850ms=0 900ms=0 950ms=0 1000ms=0 1050ms=0 1100ms=0 1150ms=0 1200ms=0 1250ms=0 1300ms=0 1350ms=0 1400ms=0 1450ms=0 1500ms=0 1550ms=0 1600ms=0 1650ms=0 1700ms=0 1750ms=0 1800ms=0 1850ms=0 1900ms=0 1950ms=0 2000ms=0 2050ms=0 2100ms=0 2150ms=0 2200ms=0 2250ms=0 2300ms=0 2350ms=0 2400ms=0 2450ms=0 2500ms=0 2550ms=0 2600ms=0 2650ms=0 2700ms=0 2750ms=0 2800ms=0 2850ms=0 2900ms=0 2950ms=0 3000ms=0 3050ms=0 3100ms=0 3150ms=0 3200ms=0 3250ms=0 3300ms=0 3350ms=0 3400ms=0 3450ms=0 3500ms=0 3550ms=0 3600ms=0 3650ms=0 3700ms=0 3750ms=0 3800ms=0 3850ms=0 3900ms=0 3950ms=0 4000ms=0 4050ms=0 4100ms=0 4150ms=0 4200ms=0 4250ms=0 4300ms=0 4350ms=0 4400ms=0 4450ms=0 4500ms=0 4550ms=0 4600ms=0 4650ms=0 4700ms=0 4750ms=0 4800ms=0 4850ms=0 4900ms=0 4950ms=0
50th gpu percentile: 3ms
90th gpu percentile: 9ms
95th gpu percentile: 16ms
99th gpu percentile: 16ms
GPU HISTOGRAM: 1ms=0 2ms=1254 3ms=3658 4ms=78 5ms=64 6ms=32 7ms=180 8ms=762 9ms=444 10ms=46 11ms=14 12ms=4 13ms=8 14ms=18 15ms=134 16ms=452 17ms=20 18ms=2 19ms=0 20ms=0 21ms=0 22ms=0 23ms=0 24ms=2 25ms=2 4950ms=0


RenderLite trim renderNode error: 0

---PROFILEDATA---
Flags,FrameTimelineVsyncId,IntendedVsync,Vsync,InputEventId,HandleInputStart,AnimationStart,PerformTraversalsStart,DrawStart,FrameDeadline,FrameStartTime,FrameInterval,WorkloadTarget,SyncQueued,SyncStart,IssueDrawCommandsStart,SwapBuffers,FrameCompleted,DequeueBufferDuration,QueueBufferDuration,GpuCompleted,SwapBuffersCompleted,DisplayPresentTime,CommandSubmissionCompleted,
32,133401577,247980228216873,247980228216873,-681740601,247980228839463,247980229402588,247980229540869,247980229584463,248006540209781,247980228814463,8318910,13666666,247980229726754,247980229797536,247980229902119,247980231194515,247980238697588,8489,206458,247980238697588,247980231471754,0,247980231194515,
32,133401585,247980236535784,247980236535784,-678780775,247980237023682,247980237819046,247980237977900,247980238012171,248006556847601,247980237003525,8318910,13666666,247980238132327,247980238297744,247980238405817,247980239366598,247980247541442,9270,202239,247980247541442,247980239630140,0,247980239366598,
32,133401593,247980244854683,247980244854683,-67764850,247980247269307,247980247716182,247980247837796,247980247868317,248006573485420,247980247255192,8318909,13666666,247980247983265,247980248081286,247980248197692,247980249534202,247980255313004,10052,196198,247980255313004,247980249805817,0,247980249534202,
32,133401601,247980253173580,247980253173580,-65731489,247980253601702,247980254199932,247980254335088,247980254364984,248006590123237,247980253581911,8318908,13666666,247980254473942,247980254541859,247980254638317,247980255939932,247980263787744,8906,286198,247980263787744,247980256296077,0,247980255939932,
32,133401609,247980261492506,247980261492506,-227502640,247980262059254,247980262637484,247980262776390,247980262808682,248006606761054,247980262039723,8318909,13666666,247980262927327,247980262988942,247980263079775,247980264428577,247980271907848,10573,188802,247980271907848,247980264687223,0,247980264428577,
32,133401617,247980269811412,247980269811412,-247752653,247980270357848,247980270881754,247980271013890,247980271044775,248006623398872,247980270338682,8318909,13666666,247980271149984,247980271205348,247980271299463,247980272594359,247980282463890,7812,182396,247980282463890,247980272843213,0,247980272594359,
32,133401625,247980278130350,247980278130350,-74448885,247980279000661,247980279473734,247980279640400,247980279675765,248006640036692,247980278977640,8318911,13666666,247980279833057,247980279883213,247980280069723,247980281753682,247980288450713,13334,725469,247980288450713,247980282553265,0,247980281753682,
32,133401633,247980286449262,247980286449262,-164201921,247980286721807,247980287147275,247980287317327,247980287343213,248006656674514,247980286705192,8318911,13666666,247980287440452,247980287504202,247980287603786,247980288950140,247980296900140,8907,194115,247980296900140,247980289217119,0,247980288950140,
32,133401641,247980294768200,247980294768200,-1038709649,247980295406911,247980295837952,247980295966963,247980295997015,248006673312338,247980295387848,8318913,13666666,247980296196077,247980296254515,247980296343109,247980297582588,247980305216390,9844,185468,247980305216390,247980297835921,0,247980297582588,
32,133401649,247980303087112,247980303087112,-455118792,247980303825348,247980304329202,247980304454567,247980304482848,248006689950164,247980303807744,8318913,13666666,247980304582379,247980304653734,247980304748473,247980305972900,247980313662379,9688,185781,247980313662379,247980306227223,0,247980305972900,
32,133401657,247980311406009,247980311406009,-651432410,247980311883681,247980312331963,247980312467223,247980312498629,248006706587989,247980311866390,8318912,13666666,247980312606754,247980312659150,247980312739515,247980314078317,247980323778004,6770,194480,247980323778004,247980314348265,125780153691231,247980314078317,
32,133401665,247980319724921,247980319724921,-1015710483,247980320332640,247980320945817,247980321135556,247980321180192,248006723225813,247980320298942,8318912,13666666,247980321341025,247980321386077,247980321539254,247980323326963,247980330330921,8593,443177,247980330330921,247980323857171,7309464732524569964,247980323326963,
32,133401673,247980328043832,247980328043832,-638239432,247980328715088,247980329177744,247980329303681,247980329335973,248006739863637,247980328698265,8318912,13666666,247980329460192,247980329553056,247980329685400,247980331153942,247980338829306,8750,191979,247980338829306,247980331414879,8100961328684823647,247980331153942,
32,133401681,247980336362746,247980336362746,-851691244,247980337202171,247980337855192,247980337986442,247980338015713,248006756501461,247980337183577,8318912,13666666,247980338121181,247980338181234,247980338283629,247980339565036,247980347416598,8021,192344,247980347416598,247980339828265,7809911830588908916,247980339565036,
32,133401689,247980344681647,247980344681647,-989834456,247980345502067,247980346065036,247980346187015,247980346214254,248006773139284,247980345484150,8318911,13666666,247980346313838,247980346373265,247980346539775,247980347830713,247980355396598,6823,259427,247980355396598,247980348164306,7306085877491393385,247980347830713,
32,133401697,247980353000607,247980353000607,-287207452,247980353583213,247980354451754,247980354591598,247980354623681,248006789777109,247980353565348,8318914,13666666,247980354733786,247980354816390,247980354973577,247980356332067,247980363759879,8698,267656,247980363759879,247980356673681,8097316434837661042,247980356332067,
32,133401705,247980361319535,247980361319535,-445245166,247980362248369,247980362911390,247980363050661,247980363081702,248006806414938,247980362226702,8318915,13666666,247980363193838,247980363266077,247980363351650,247980364701025,247980372118213,8229,177708,247980372118213,247980364954150,0,247980364701025,
32,133401713,247980369638446,247980369638446,-912622970,247980370036286,247980370702431,247980370918681,247980370956234,248006823052768,247980370013317,8318915,13666666,247980371088681,247980371151650,247980371256234,247980372561234,247980379889150,13906,134114,247980379889150,247980372746494,0,247980372561234,
32,133401728,247980377957344,247980377957344,-655030358,247980378410973,247980378711390,247980378804775,247980378827848,248006839690597,247980378395609,8318914,13666666,247980378911390,247980378964306,247980379026963,247980379916181,247980388100973,7239,208541,247980388100973,247980380172067,0,247980379916181,
32,133401743,247980386276255,247980386276255,-146594106,247980386598369,247980386895452,247980386981286,247980387001650,248006856328425,247980386585192,8318914,13666666,247980387074879,247980387096911,247980387154306,247980387908734,247980396912223,5156,248854,247980396912223,247980388226338,0,247980387908734,
32,133401758,247980394595137,247980394595137,-389243132,247980395103994,247980395550765,247980395662796,247980395686286,248006872966251,247980395090244,8318912,13666666,247980395837171,247980395916650,247980396032275,247980397527015,247980404937848,9688,203593,247980404937848,247980397813786,0,247980397527015,
32,133401773,247980402914035,247980402914035,-739217275,247980403217900,247980403598369,247980403780296,247980403808317,248006889604074,247980403201286,8318911,13666666,247980403910869,247980403972119,247980404089619,247980405300140,247980413417119,8750,173698,247980413417119,247980405538681,0,247980405300140,
32,133401781,247980411232949,247980411232949,-160601785,247980411532015,247980411893004,247980411987223,247980412040504,248006906241896,247980411516911,8318911,13666666,247980412167431,247980412216390,247980412306546,247980413526911,247980421429515,8541,189115,247980421429515,247980413786077,0,247980413526911,
32,133401789,247980419551863,247980419551863,-313442720,247980419838004,247980420634879,247980420774984,247980420809150,248006922879718,247980419818004,8318911,13666666,247980420927692,247980420970400,247980421071911,247980422266129,247980430061442,8385,177552,247980430061442,247980422511077,0,247980422266129,
32,133401797,247980427870790,247980427870790,-982300920,247980428735765,247980429190973,247980429312692,247980429344254,248006939517541,247980428714359,8318912,13666666,247980429447119,247980429508942,247980429612744,247980430807431,247980438047171,7916,167552,247980438047171,247980431041859,0,247980430807431,
32,133401805,247980436189692,247980436189692,-160216605,247980436826181,247980437296390,247980437410921,247980437439254,248006956155364,247980436809411,8318911,13666666,247980437542484,247980437595244,247980437706390,247980439082275,247980446975609,8646,184115,247980446975609,247980439336859,0,247980439082275,
32,133401813,247980444508616,247980444508616,-436011787,247980445158681,247980445591702,247980445715244,247980445745609,248006972793187,247980445141234,8318912,13666666,247980445849359,247980445895296,247980445994411,247980447203786,247980454805869,8073,181094,247980454805869,247980447451338,0,247980447203786,
32,133401821,247980452827527,247980452827527,-883610316,247980453772848,247980454218421,247980454335609,247980454364306,248006989431011,247980453570609,8318912,13666666,247980454465348,247980454523421,247980454611806,247980455797067,247980463326650,8125,172188,247980463326650,247980456065036,0,247980455797067,
32,133401829,247980461146436,247980461146436,-458170134,247980461553056,247980462113734,247980462233629,247980462263004,248007006068835,247980461537588,8318912,13666666,247980462363942,247980462410192,247980462492223,247980463717223,247980471451442,8073,186719,247980471451442,247980463970140,0,247980463717223,
32,133401837,247980469465335,247980469465335,-701076376,247980470104202,247980470739723,247980470859411,247980470887536,248007022706658,247980470089515,8318911,13666666,247980470987588,247980471027327,247980471119567,247980472354411,247980480059567,8385,182239,247980480059567,247980472602327,0,247980472354411,
32,133401845,247980477784232,247980477784232,-809194348,247980478318942,247980478779098,247980478899931,247980478927067,248007039344479,247980478302640,8318910,13666666,247980479028994,247980479142327,247980479223525,247980480447900,247980488055504,8333,181406,247980488055504,247980480695400,0,247980480447900,
32,133401853,247980486103131,247980486103131,-203189351,247980486690921,247980487115192,247980487235036,247980487264150,248007055982298,247980486673994,8318909,13666666,247980487363994,247980487444931,247980487529463,247980488805817,247980496603421,8021,182292,247980496603421,247980489055661,0,247980488805817,
32,133401861,247980494422045,247980494422045,-258558393,247980494813004,247980495236181,247980495354098,247980495382536,248007072620116,247980494796598,8318909,13666666,247980495482275,247980495577015,247980495665400,247980496997952,247980504699567,6980,168750,247980504699567,247980497232223,0,247980496997952,
32,133401869,247980502740956,247980502740956,-948783119,247980503187484,247980503714515,247980503834671,247980503863004,248007089257934,247980503172952,8318909,13666666,247980503968473,247980504038317,247980504124046,247980505316963,247980513346025,8125,186146,247980513346025,247980505572119,0,247980505316963,
32,133401877,247980511059868,247980511059868,-286870477,247980511307640,247980511586546,247980511666702,247980511687275,248007105895752,247980511295817,8318909,13666666,247980511758369,247980511794202,247980511855869,247980512837067,247980521281494,5729,519844,247980521281494,247980513413213,0,247980512837067,
32,133401885,247980519378782,247980519378782,-258604732,247980519633161,247980519859515,247980519924775,247980519940192,248007122533571,247980519624306,8318910,13666666,247980519998994,247980520041025,247980520105452,247980520796911,247980530017379,4740,500052,247980530017379,247980521337640,0,247980520796911,
32,133401893,247980527697688,247980527697688,-66152958,247980528089254,247980528567900,247980528691494,247980528721546,248007139171391,247980528072431,8318910,13666666,247980528856494,247980528968056,247980529070869,247980530410504,247980538474619,7604,175000,247980538474619,247980530656911,0,247980530410504,
32,133401901,247980536016599,247980536016599,-547619133,247980537027275,247980537587952,247980537725036,247980537754723,248007155809211,247980537010608,8318910,13666666,247980537870296,247980538063421,247980538513733,247980539796390,247980546922067,8334,244740,247980546922067,247980540110296,0,247980539796390,
32,133401909,247980544335511,247980544335511,-270062341,247980544818942,247980545357796,247980545501233,247980545538004,248007172447031,247980544800817,8318910,13666666,247980545645608,247980546039931,247980546354879,247980548409150,247980554778786,32552,396042,247980554778786,247980548920244,0,247980548409150,
32,133401917,247980552654422,247980552654422,-530563680,247980553391702,247980553867952,247980553954202,247980553980608,248007189084851,247980553377171,8318910,13666666,247980554061286,247980554142536,247980554205765,247980555233525,247980563501858,5209,187500,247980563501858,247980555479515,0,247980555233525,
32,133401925,247980560973323,247980560973323,-929502381,247980561295817,247980561835713,247980561940713,247980561969411,248007205722670,247980561281129,8318909,13666666,247980562068733,247980562131546,247980562293681,247980563798473,247980571480036,12136,373958,247980571480036,247980564249202,0,247980563798473,
32,133401933,247980569292237,247980569292237,-807224448,247980569833681,247980570390504,247980570540192,247980570582067,248007222360488,247980569813525,8318909,13666666,247980570704411,247980570803369,247980570931077,247980572471077,247980580269098,10312,214584,247980580269098,247980572763161,0,247980572471077,
32,133401941,247980577611164,247980577611164,-187788662,247980578146754,247980578697119,247980578845608,247980578874827,248007238998307,247980578124983,8318910,13666666,247980578986702,247980579144358,247980579253161,247980580785192,247980588250348,10104,185938,247980588250348,247980581041233,0,247980580785192,
32,133401949,247980585930090,247980585930090,-902518098,247980586419411,247980587044931,247980587169879,247980587198994,248007255636128,247980586400973,8318911,13666666,247980587318004,247980587386286,247980587509983,247980588886025,247980596799983,7916,195052,247980596799983,247980589152431,0,247980588886025,
32,133401957,247980594249012,247980594249012,-242510751,247980595135921,247980595578161,247980595701806,247980595817015,248007272273951,247980595115765,8318912,13666666,247980595966077,247980596039098,247980596163056,247980597464098,247980604925296,8229,189271,247980604925296,247980597722119,0,247980597464098,
32,133401965,247980602567923,247980602567923,-585155148,247980603151338,247980603646077,247980603776077,247980603806754,248007288911775,247980603129254,8318912,13666666,247980603919358,247980604034567,247980604133421,247980605407952,247980613316077,9167,200886,247980613316077,247980605676598,0,247980605407952,
32,133401973,247980610886846,247980610886846,-19481416,247980611264515,247980611852067,247980611979619,247980612042796,248007305549600,247980611246129,8318913,13666666,247980612150608,247980612217848,247980612306858,247980613644983,247980621504775,8802,197083,247980621504775,247980613952119,0,247980613644983,
32,133401981,247980619205760,247980619205760,-1056224862,247980619999358,247980620700921,247980620829411,247980620860244,248007322187426,247980619984150,8318913,13666666,247980620973056,247980621039671,247980621159254,247980622613994,247980630052379,8542,188021,247980630052379,247980622870973,0,247980622613994,
32,133401989,247980627524671,247980627524671,-973229802,247980628187015,247980628652119,247980628775921,247980628805504,248007338825252,247980628166338,8318913,13666666,247980628914619,247980628983265,247980629081129,247980630382796,247980638137015,9011,186823,247980638137015,247980630637483,0,247980630382796,
32,133401997,247980635843569,247980635843569,-210305188,247980636443317,247980636848161,247980637037952,247980637066233,248007355463077,247980636428473,8318912,13666666,247980637173629,247980637216806,247980637353369,247980638619515,247980646586233,8646,199948,247980646586233,247980638888108,0,247980638619515,
32,133402005,247980644162497,247980644162497,-752860972,247980644728317,247980645207223,247980645326338,247980645354671,248007372100902,247980644707536,8318913,13666666,247980645456598,247980645509515,247980645620296,247980646885452,247980654796858,6823,190573,247980654796858,247980647145348,0,247980646885452,
32,133402013,247980652481414,247980652481414,-41868515,247980652991598,247980653497952,247980653627171,247980653656806,248007388738728,247980652973108,8318913,13666666,247980653761702,247980653831077,247980653909931,247980655168161,247980663513681,7916,182448,247980663513681,247980655415244,0,247980655168161,
32,133402021,247980660800338,247980660800338,-518326321,247980662514775,247980662992119,247980663113994,247980663142640,248007405376555,247980662496494,8318914,13666666,247980663256129,247980663398525,247980663494202,247980664806702,247980671928890,7240,190521,247980671928890,247980665065608,0,247980664806702,
32,133402029,247980669119250,247980669119250,-458933431,247980669699619,247980670201546,247980670321286,247980670350713,248007422014383,247980669681911,8318914,13666666,247980670445921,247980670513473,247980670603108,247980673022640,247980679996129,7031,314740,247980679996129,247980673486858,0,247980673022640,
32,133402037,247980677438178,247980677438178,-934076133,247980678057067,247980678593733,247980678712223,247980678741911,248007438652212,247980678040088,8318915,13666666,247980678858525,247980678921598,247980679048838,247980680504931,247980688031494,9323,207657,247980688031494,247980680787796,0,247980680504931,
32,133402045,247980685757080,247980685757080,-724784564,247980686483161,247980686979983,247980687383838,247980687413056,248007455290041,247980686465608,8318914,13666666,247980687523317,247980687593942,247980687681494,247980689049931,247980696692640,8125,194584,247980696692640,247980689317327,0,247980689049931,
32,133402053,247980694075997,247980694075997,-90431222,247980694687952,247980695374254,247980695498421,247980695532119,248007471927869,247980694668994,8318914,13666666,247980695635244,247980695708525,247980695819775,247980697167640,247980704824931,6406,207292,247980704824931,247980697446858,0,247980697167640,
32,133402061,247980702394911,247980702394911,-162344867,247980703018629,247980703655921,247980703788056,247980703820192,248007488565697,247980703000921,8318914,13666666,247980703930817,247980703994983,247980704267223,247980705380348,247980714129619,17500,265521,247980714129619,247980705706546,0,247980705380348,
32,133402069,247980710713825,247980710713825,-369427325,247980711493369,247980711955869,247980712109515,247980712139775,248007505203525,247980711475556,8318914,13666666,247980712250817,247980712276650,247980712479879,247980713449931,247980721062067,4636,800365,247980721062067,247980714334775,0,247980713449931,
32,133402077,247980719032710,247980719032710,-99549813,247980719407431,247980719829723,247980719907119,247980719926129,248007521841351,247980719394046,8318912,13666666,247980719998838,247980720125869,247980720219254,247980721271181,247980729936390,7865,154635,247980729936390,247980721477067,0,247980721271181,
32,133402085,247980727351608,247980727351608,-995419012,247980727960244,247980728500661,247980728601911,247980728625192,248007538479174,247980727939775,8318911,13666666,247980728718473,247980728839098,247980728950452,247980730126338,247980737952796,9323,177760,247980737952796,247980730365661,0,247980730126338,
32,133402093,247980735670520,247980735670520,-178689276,247980736220296,247980736747275,247980736874983,247980736906598,248007555116996,247980736200921,8318911,13666666,247980737023577,247980737113733,247980737236963,247980738601650,247980746575817,8438,201250,247980746575817,247980738876390,0,247980738601650,
32,133402101,247980743989441,247980743989441,-1050212710,247980744424358,247980744949879,247980745080504,247980745107796,248007571754819,247980744404931,8318912,13666666,247980745211650,247980745280556,247980745364879,247980746606650,247980754569931,7968,193125,247980754569931,247980746870973,0,247980746606650,
32,133402109,247980752308355,247980752308355,-1065285938,247980752808733,247980753226233,247980753417119,247980753443317,248007588392643,247980752791181,8318912,13666666,247980753547640,247980753618890,247980753707848,247980755028160,247980763444046,8021,190677,247980763444046,247980755291390,0,247980755028160,
32,133402117,247980760627267,247980760627267,-986568881,247980761043838,247980761441754,247980761608525,247980761633733,248007605030467,247980761027900,8318912,13666666,247980761739463,247980761829150,247980761942535,247980763340973,247980771003108,7552,229323,247980771003108,247980763644619,0,247980763340973,
32,133402125,247980768946165,247980768946165,-42276306,247980769374254,247980769898369,247980770029463,247980770064202,248007621668290,247980769355869,8318911,13666666,247980770183160,247980770273733,247980770373421,247980771788317,247980779425244,9427,280572,247980779425244,247980772140140,0,247980771788317,
32,133402133,247980777265063,247980777265063,-477765255,247980777688473,247980778256963,247980778395296,247980778429358,248007638306111,247980777666754,8318910,13666666,247980778554150,247980778603160,247980778707379,247980780105765,247980787651546,10573,186094,247980787651546,247980780386806,7306934700536131427,247980780105765,
32,133402141,247980785583972,247980785583972,-359992662,247980786002692,247980786542171,247980786774046,247980786815713,248007654943931,247980785982535,8318910,13666666,247980786939202,247980787017900,247980787107744,247980788462015,247980796114931,8542,185886,247980796114931,247980788718473,8318823021040067423,247980788462015,
32,133402149,247980793902870,247980793902870,-147652404,247980794417015,247980794909463,247980795039463,247980795072327,248007671581750,247980794397327,8318909,13666666,247980795183160,247980795244046,247980795340452,247980796585400,247980804321390,8073,121093,247980804321390,247980796751077,6874028453762003572,247980796585400,
32,133402157,247980802221784,247980802221784,-359176078,247980802595921,247980803039463,247980803155765,247980803208473,248007688219567,247980802564723,8318908,13666666,247980803303004,247980803350192,247980803487223,247980804449723,247980812710400,13698,104948,247980812710400,247980804593785,7956012745154194530,247980804449723,
32,133402165,247980810540679,247980810540679,-976202173,247980810888213,247980811135348,247980811210608,247980811230713,248007704857383,247980810874515,8318908,13666666,247980811355088,247980811387431,247980811458942,247980812264306,247980820830035,4895,452709,247980820830035,247980812773265,7307502065682249069,247980812264306,
32,133402173,247980818859585,247980818859585,-217696565,247980819239306,247980819515765,247980819595244,247980819614723,248007721495199,247980819226598,8318908,13666666,247980819729983,247980819768421,247980819827275,247980820915244,247980829283785,5209,167343,247980829283785,247980821145921,8169381708511007304,247980820915244,
32,133402181,247980827178497,247980827178497,-541550893,247980827686390,247980828268056,247980828354098,247980828375035,248007738133015,247980827667171,8318908,13666666,247980828462744,247980828508369,247980828574410,247980829441650,247980837459775,4688,117917,247980837459775,247980829605296,8097283393133169494,247980829441650,
32,133402189,247980835497393,247980835497393,-895252005,247980835725713,247980836172119,247980836273265,247980836299358,248007754770830,247980835715296,8318907,13666666,247980836403890,247980836443577,247980836527483,247980837602535,247980846097119,7188,140833,247980846097119,247980837800348,5431142508371378177,247980837602535,
32,133402197,247980843816299,247980843816299,-72227462,247980844354463,247980844798056,247980844937535,247980844976494,248007771408644,247980844335244,8318907,13666666,247980845084410,247980845124567,247980845232223,247980846772223,247980854192379,7448,182552,247980854192379,247980847077327,8589934592,247980846772223,
32,133402205,247980852135205,247980852135205,-789449699,247980852563785,247980853067431,247980853191650,247980853223577,248007788046458,247980852546858,8318907,13666666,247980853346285,247980853388838,247980853538265,247980854803369,247980862653733,6511,203646,247980862653733,247980855087483,0,247980854803369,
32,133402213,247980860454144,247980860454144,-528899795,247980861096390,247980861117431,247980861264515,247980861335348,248007804684274,247980861078004,8318909,13666666,247980861442848,247980861479306,247980861553473,247980862557588,247980870723890,6979,153698,247980870723890,247980862768160,0,247980862557588,
32,133402221,247980868773036,247980868773036,0,247980869172588,247980869173265,247980869386025,247980869414983,248007821322091,247980869158213,8318908,13666666,247980869497900,247980869674150,247980869771390,247980870713160,247980879633838,5469,162344,247980879633838,247980870935244,0,247980870713160,
32,133402229,247980877091974,247980877091974,0,247980877409358,247980877410140,247980877643994,247980877682640,248007837959909,247980877395088,8318910,13666666,247980877793890,247980877871494,247980877971077,247980879231598,247980887310140,8646,422448,247980887310140,247980879725088,0,247980879231598,
32,133402237,247980885410888,247980885410888,0,247980885710035,247980885710869,247980885900140,247980885934567,248007854597729,247980885693265,8318910,13666666,247980886037588,247980886228942,247980886340035,247980887601181,247980895917900,8646,179531,247980895917900,247980887852223,0,247980887601181,
0,133402245,247980893729802,247980893729802,0,247980894133733,247980894134671,247980894137535,247980894168629,248007871235549,247980894116702,8318910,13666666,247980894371494,247980894556702,247980894649619,247980895868681,247980903973838,8437,289271,247980903973838,247980896225713,0,247980895868681,
0,133402253,247980902048728,247980902048728,0,247980902584931,247980902585660,247980902588004,247980902618421,248007887873370,247980902569931,8318911,13666666,247980902788004,247980902967275,247980903054827,247980904324983,247980912728525,7968,193959,247980912728525,247980904587431,0,247980904324983,
0,133402261,247980910367639,247980910367639,0,247980911330348,247980911331233,247980911333890,247980911370765,248007904511193,247980911308838,8318912,13666666,247980911622067,247980911679410,247980911768785,247980913182952,247980920684931,8698,193646,247980920684931,247980913444567,0,247980913182952,
0,133402269,247980918686561,247980918686561,0,247980919222431,247980919223317,247980919225973,247980919263681,248007921149017,247980919203942,8318912,13666666,247980919485400,247980919568838,247980919670660,247980920988838,247980929152900,6615,182240,247980929152900,247980921240504,0,247980920988838,
0,133402277,247980927005473,247980927005473,0,247980927737588,247980927738369,247980927740921,247980927769150,248007937786841,247980927721233,8318912,13666666,247980928222327,247980928306494,247980928381858,247980929755608,247980937320296,6771,162031,247980937320296,247980930019619,0,247980929755608,
0,133402285,247980935324398,247980935324398,0,247980935960035,247980935960713,247980935962796,247980935987900,248007954424666,247980935945348,8318913,13666666,247980936349879,247980936401233,247980936503004,247980937684983,247980945844306,7084,197187,247980945844306,247980937944879,0,247980937684983,
0,133402293,247980943643296,247980943643296,0,247980944195192,247980944196077,247980944198629,247980944229931,248007971062491,247980944178525,8318912,13666666,247980944438785,247980944522223,247980944608265,247980945806338,247980953958525,6615,179583,247980953958525,247980946052327,0,247980945806338,
0,133402301,247980951962224,247980951962224,0,247980952737119,247980952738004,247980952740504,247980952774515,248007987700316,247980952719306,8318913,13666666,247980952983681,247980953160869,247980953256806,247980954468681,247980962474775,7968,179011,247980962474775,247980954713733,0,247980954468681,
0,133402309,247980960281138,247980960281138,0,247980960843733,247980960844619,247980960847119,247980960880556,248008004338142,247980960824567,8318913,13666666,247980961078837,247980961149254,247980961226494,247980962428785,247980970581285,6719,180469,247980970581285,247980962675921,0,247980962428785,
0,133402317,247980968600062,247980968600062,0,247980968996910,247980968997900,247980969000192,247980969033369,248008020975969,247980968980140,8318914,13666666,247980969225035,247980969286337,247980969367744,247980970429462,247980979201337,6770,185052,247980979201337,247980970684671,0,247980970429462,
0,133402325,247980976918976,247980976918976,0,247980977467015,247980977467900,247980977470660,247980977508890,248008037613797,247980977447483,8318914,13666666,247980977730556,247980977800973,247980977879358,247980979132848,247980987156910,6354,178490,247980987156910,247980979381390,0,247980979132848,
0,133402333,247980985237890,247980985237890,0,247980985831442,247980985832483,247980985835035,247980985869254,248008054251625,247980985811650,8318914,13666666,247980986076233,247980986137848,247980986219046,247980987431754,247980995774098,7968,190208,247980995774098,247980987687171,0,247980987431754,
0,133402341,247980993556802,247980993556802,0,247980994306702,247980994307900,247980994310348,247980994343942,248008070889453,247980994289202,8318914,13666666,247980994533629,247980994595192,247980994686650,247980995917640,247981003839098,8281,213333,247981003839098,247980996198681,0,247980995917640,
0,133402349,247981001875703,247981001875703,0,247981002294098,247981002295035,247981002297483,247981002329983,248008087527280,247981002276181,8318913,13666666,247981002546910,247981002609046,247981002752067,247981004167119,247981012353317,8437,179636,247981012353317,247981004415244,0,247981004167119,
0,133402357,247981010194619,247981010194619,0,247981011123785,247981011124462,247981011126181,247981011154098,248008104165105,247981011108942,8318912,13666666,247981011304254,247981011352067,247981011419619,247981012638785,247981020539827,5677,182968,247981020539827,247981012888369,0,247981012638785,
0,133402365,247981018513520,247981018513520,0,247981018958212,247981018959046,247981018961494,247981018993681,248008120802929,247981018941129,8318912,13666666,247981019199098,247981019463473,247981019740921,247981021041962,247981029181337,6823,181093,247981029181337,247981021294254,0,247981021041962,
0,133402373,247981026832428,247981026832428,0,247981027481962,247981027483733,247981027486129,247981027517640,248008137440753,247981027464879,8318912,13666666,247981027790244,247981027847744,247981028039983,247981029286129,247981037134567,6615,217292,247981037134567,247981029572640,0,247981029286129,
0,133402381,247981035151332,247981035151332,0,247981035648577,247981035649671,247981035652483,247981035687535,248008154078576,247981035631337,8318911,13666666,247981035884671,247981035947223,247981036085660,247981037329046,247981045673837,7969,167500,247981045673837,247981037560400,0,247981037329046,
0,133402389,247981043470243,247981043470243,0,247981044174671,247981044176285,247981044178681,247981044213890,248008170716398,247981044154150,8318911,13666666,247981044431390,247981044498160,247981044647067,247981046099150,247981053928785,7448,222448,247981053928785,247981046394098,0,247981046099150,
0,133402397,247981051789170,247981051789170,0,247981052499515,247981052500296,247981052502275,247981052533160,248008187354221,247981052481910,8318912,13666666,247981052717952,247981052850556,247981052915348,247981054057119,247981062265348,5104,142396,247981062265348,247981054251858,0,247981054057119,
0,133402405,247981060108082,247981060108082,0,247981060582952,247981060583994,247981060586181,247981060621285,248008203992045,247981060562223,8318912,13666666,247981060824775,247981060873942,247981060957171,247981061996337,247981070211494,6875,274687,247981070211494,247981062326858,0,247981061996337,
0,133402413,247981068426993,247981068426993,0,247981068668629,247981068669358,247981068671702,247981068706129,248008220629869,247981068651337,8318912,13666666,247981068892587,247981068936129,247981069004462,247981069886650,247981078945869,6511,324375,247981078945869,247981070262952,0,247981069886650,
0,133402421,247981076745905,247981076745905,0,247981077408265,247981077409931,247981077413577,247981077458265,248008237267693,247981077238056,8318912,13666666,247981077736546,247981077796390,247981077910140,247981079334410,247981087353056,9479,187709,247981087353056,247981079595087,0,247981079334410,
0,133402429,247981085064801,247981085064801,0,247981085795504,247981085796546,247981085799306,247981085837431,248008253905516,247981085771546,8318911,13666666,247981086049723,247981086138577,247981086254150,247981087570608,247981095799098,6875,190000,247981095799098,247981087832640,0,247981087570608,
0,133402437,247981093383730,247981093383730,0,247981093866129,247981093867015,247981093870504,247981093914827,248008270543339,247981093843629,8318912,13666666,247981094137483,247981094284098,247981094365400,247981095620192,247981104416077,6823,194479,247981104416077,247981095888317,0,247981095620192,
0,133402445,247981101702644,247981101702644,0,247981102335765,247981102337223,247981102341910,247981102398369,248008287181163,247981102127379,8318912,13666666,247981102629515,247981102694098,247981102822900,247981104533942,247981113093942,8125,289532,247981113093942,247981104895452,0,247981104533942,
0,133402453,247981110021561,247981110021561,0,247981110566962,247981110567900,247981110570504,247981110608890,248008303818987,247981110546337,8318912,13666666,247981110839046,247981110993473,247981111110087,247981112489150,247981120630244,6770,612395,247981120630244,247981113176962,0,247981112489150,
0,133402461,247981118340486,247981118340486,0,247981119017587,247981119018473,247981119021025,247981119055869,248008320456812,247981119000452,8318913,13666666,247981119265817,247981119323733,247981119406390,247981120896442,247981129109827,8282,201927,247981129109827,247981121172692,0,247981120896442,
0,133402469,247981126659413,247981126659413,0,247981127469306,247981127470244,247981127472796,247981127507275,248008337094639,247981127451390,8318914,13666666,247981127731077,247981127792223,247981127893785,247981129227223,247981137272067,7916,182969,247981137272067,247981129476858,0,247981129227223,
0,133402477,247981134978312,247981134978312,0,247981135550712,247981135551546,247981135553994,247981135587327,248008353732466,247981135534046,8318913,13666666,247981135781233,247981135861285,247981135974879,247981137244098,247981145797640,6771,178542,247981145797640,247981137492483,0,247981137244098,
0,133402485,247981143297223,247981143297223,0,247981143882327,247981143883525,247981143885973,247981143921650,248008370370292,247981143865660,8318913,13666666,247981144157275,247981144364723,247981144450921,247981145706077,247981153738994,6406,181198,247981153738994,247981145954150,0,247981145706077,
0,133402493,247981151616135,247981151616135,0,247981152133994,247981152135869,247981152138421,247981152165296,248008387008118,247981152118473,8318913,13666666,247981152319358,247981152395608,247981152483212,247981153473994,247981161989046,5834,285260,247981161989046,247981153811025,0,247981153473994,
0,133402501,247981159935032,247981159935032,0,247981160230140,247981160230817,247981160232796,247981160260973,248008403645941,247981160213837,8318910,13666666,247981160417900,247981160466337,247981160531910,247981161319202,247981170585660,5417,689323,247981170585660,247981162051025,0,247981161319202,
0,133402509,247981168253914,247981168253914,0,247981168627640,247981168628265,247981168635452,247981168668629,248008420283761,247981168612171,8318910,13666666,247981168861754,247981168923212,247981169012900,247981170371233,247981179301337,6979,145729,247981179301337,247981170707327,0,247981170371233,
0,133402517,247981176572820,247981176572820,0,247981176972640,247981176973369,247981176975296,247981177004462,248008436921581,247981176957223,8318910,13666666,247981177187171,247981177627223,247981177864254,247981179511181,247981187065869,38854,130729,247981187065869,247981179735139,0,247981179511181,
0,133402525,247981184891719,247981184891719,0,247981185811598,247981185812535,247981185814254,247981185842692,248008453559400,247981185798056,8318909,13666666,247981186074358,247981186342327,247981186567900,247981187931442,247981195666806,5000,249166,247981195666806,247981188239827,0,247981187931442,
0,133402533,247981193210616,247981193210616,0,247981194138108,247981194139098,247981194145348,247981194241181,248008470197216,247981194099671,8318907,13666666,247981194715921,247981194796806,247981194917171,247981195830660,247981203729619,4740,202135,247981203729619,247981196079879,0,247981195830660,
0,133402541,247981201529512,247981201529512,0,247981202262327,247981202263004,247981202264619,247981202294410,248008486835030,247981202238629,8318907,13666666,247981202470764,247981202532275,247981202649983,247981203410035,247981211358733,5000,365573,247981211358733,247981203835296,0,247981203410035,
0,133402549,247981209848421,247981209848421,0,247981210501442,247981210502067,247981210503733,247981210530817,248008503472844,247981210488369,8318907,13666666,247981210760921,247981210851181,247981211011389,247981212177327,247981219614410,10729,208958,247981219614410,247981212456389,0,247981212177327,
0,133402557,247981218167343,247981218167343,0,247981219135035,247981219136181,247981219139619,247981219183837,248008520110659,247981219111389,8318908,13666666,247981219300244,247981219581494,247981219727171,247981220722848,247981227872483,10260,157605,247981227872483,247981220937692,0,247981220722848,
---PROFILEDATA---


View hierarchy:

  com.chasel.ng2.n/com.chasel.ng2n.MainActivity/android.view.ViewRootImpl@8679fe0
  11 views, 19.95 kB of render nodes


  Dynamic VRI BBQ Log.  render_draw: false  hdr_dimmer: false  blur_blend: false  hwui_window_decor: false  sync_barrier: false

Total ViewRootImpl   : 1
Total attached Views : 11
Total RenderNode     : 19.95 kB (used) / 44.01 kB (capacity)

