Applications Graphics Acceleration Info:
Uptime: 248191525 Realtime: 686386027

** Graphics info for pid 10128 [com.chasel.ng2] **

Stats since: 248156296273302ns
Total frames rendered: 3282
Janky frames: 0 (0.00%)
Janky frames (legacy): 68 (2.07%)
50th percentile: 9ms
90th percentile: 10ms
95th percentile: 11ms
99th percentile: 20ms
Number Missed Vsync: 0
Number High input latency: 6564
Number Slow UI thread: 0
Number Slow bitmap uploads: 0
Number Slow issue draw commands: 0
Number Frame deadline missed: 0
Number Frame deadline missed (legacy): 0
HISTOGRAM: 5ms=616 6ms=10 7ms=26 8ms=184 9ms=1934 10ms=336 11ms=32 12ms=20 13ms=24 14ms=14 15ms=20 16ms=4 17ms=6 18ms=8 19ms=10 20ms=34 21ms=2 22ms=0 23ms=2 24ms=0 25ms=0 26ms=0 27ms=0 28ms=0 29ms=0 30ms=0 31ms=0 32ms=0 34ms=0 36ms=0 38ms=0 40ms=0 42ms=0 44ms=0 46ms=0 48ms=0 53ms=0 57ms=0 61ms=0 65ms=0 69ms=0 73ms=0 77ms=0 81ms=0 85ms=0 89ms=0 93ms=0 97ms=0 101ms=0 105ms=0 109ms=0 113ms=0 117ms=0 121ms=0 125ms=0 129ms=0 133ms=0 150ms=0 200ms=0 250ms=0 300ms=0 350ms=0 400ms=0 450ms=0 500ms=0 550ms=0 600ms=0 650ms=0 700ms=0 750ms=0 800ms=0 850ms=0 900ms=0 950ms=0 1000ms=0 1050ms=0 1100ms=0 1150ms=0 1200ms=0 1250ms=0 1300ms=0 1350ms=0 1400ms=0 1450ms=0 1500ms=0 1550ms=0 1600ms=0 1650ms=0 1700ms=0 1750ms=0 1800ms=0 1850ms=0 1900ms=0 1950ms=0 2000ms=0 2050ms=0 2100ms=0 2150ms=0 2200ms=0 2250ms=0 2300ms=0 2350ms=0 2400ms=0 2450ms=0 2500ms=0 2550ms=0 2600ms=0 2650ms=0 2700ms=0 2750ms=0 2800ms=0 2850ms=0 2900ms=0 2950ms=0 3000ms=0 3050ms=0 3100ms=0 3150ms=0 3200ms=0 3250ms=0 3300ms=0 3350ms=0 3400ms=0 3450ms=0 3500ms=0 3550ms=0 3600ms=0 3650ms=0 3700ms=0 3750ms=0 3800ms=0 3850ms=0 3900ms=0 3950ms=0 4000ms=0 4050ms=0 4100ms=0 4150ms=0 4200ms=0 4250ms=0 4300ms=0 4350ms=0 4400ms=0 4450ms=0 4500ms=0 4550ms=0 4600ms=0 4650ms=0 4700ms=0 4750ms=0 4800ms=0 4850ms=0 4900ms=0 4950ms=0
50th gpu percentile: 7ms
90th gpu percentile: 8ms
95th gpu percentile: 9ms
99th gpu percentile: 15ms
GPU HISTOGRAM: 1ms=4 2ms=602 3ms=30 4ms=20 5ms=136 6ms=708 7ms=1418 8ms=196 9ms=28 10ms=26 11ms=28 12ms=24 13ms=6 14ms=6 15ms=18 16ms=24 17ms=8 18ms=0 19ms=0 20ms=0 21ms=0 22ms=0 23ms=0 24ms=0 25ms=0 4950ms=0

Pipeline=Skia (Vulkan)
Memory policy:
  Max surface area: 3240320
  Max resource usage: 466.61MB (x48)
  Background retention: 50% (altUiHidden = true)
  GPU Context timeout: 10
Contexts: 1 (stopped = 0)
CPU Caches:
  Glyph Cache: 7.03 MB (1 entry)
  Glyph Count: 109 
Total CPU memory usage:
  7367164 bytes, 7.03 MB (0.00 bytes is purgeable)
GPU Caches:
  Other:
    Other: 185.00 KB (1 entry)
    Buffer Object: 464.00 bytes (2 entries)
    GrVkImage: 768.00 KB (2 entries)
  Image:
    Surface: 1001.77 KB (19 entries)
  Scratch:
    GrVkTextureRenderTarget: 49.51 MB (5 entries)
    Surface: 2.00 MB (2 entries)
    GrVkImage: 256.00 KB (27 entries)
    Buffer Object: 271.12 KB (11 entries)
Total GPU memory usage:
  56550248 bytes, 53.93 MB (1.06 MB is purgeable)
Detail dimensions: 
Buffer Object:				49152		{0x0}	1
GrVkImage:				0		{2048x1024}	1
GrVkImage:				0		{69x60}	4
GrVkImage:				0		{512x1}	1
Surface:				512		{512x1}	1
Buffer Object:				30720		{0x0}	1
GrVkImage:				0		{1220x2656}	4
Surface:				2097152		{2048x1024}	1
GrVkTextureRenderTarget:				12961280		{1220x2656}	4
GrVkImage:				0		{137x139}	1
Surface:				76172		{137x139}	1
GrVkImage:				0		{65x65}	1
GrVkImage:				0		{256x256}	1
Surface:				75076		{137x137}	5
Buffer Object:				384		{0x0}	3
GrVkImage:				262144		{256x256}	2
GrVkImage:				0		{66x60}	1
Surface:				16560		{69x60}	4
GrVkImage:				0		{141x137}	1
GrVkImage:				0		{71x60}	1
GrVkImage:				0		{137x137}	5
GrVkImage:				0		{180x135}	1
GrVkImage:				0		{138x137}	1
Surface:				53628		{109x123}	1
GrVkImage:				0		{109x123}	1
Surface:				77268		{141x137}	1
Surface:				76160		{140x136}	1
GrVkImage:				0		{140x136}	1
Surface:				97200		{180x135}	1
Surface:				78364		{143x137}	1
GrVkImage:				0		{143x137}	1
GrVkTextureRenderTarget:				65536		{256x256}	1
Buffer Object:				32768		{0x0}	6
Buffer Object:				272		{0x0}	1
Buffer Object:				192		{0x0}	1
Surface:				16900		{65x65}	1
GrVkImage:				524288		{512x256}	1
Surface:				17040		{71x60}	1
Surface:				15840		{66x60}	1
Surface:				75624		{138x137}	1

GraphicBufferAllocator buffers:
            Handle |         Size |     W (Stride) x H | Layers |   Format |      Usage | Requestor
0xb400007badc2d120 | 13280.00 KiB | 1220 (1280) x 2656 |      1 |        1 | 0x10000b00 | VRI[MainActivity]#1(BLAST Consumer)1
0xb400007badc36ff0 | 13280.00 KiB | 1220 (1280) x 2656 |      1 |        1 | 0x10000b00 | VRI[MainActivity]#1(BLAST Consumer)1
0xb400007badca5f10 | 13280.00 KiB | 1220 (1280) x 2656 |      1 |        1 | 0x10000b00 | VRI[MainActivity]#1(BLAST Consumer)1
0xb400007badcaa8a0 | 13280.00 KiB | 1220 (1280) x 2656 |      1 |        1 | 0x10000b00 | VRI[MainActivity]#1(BLAST Consumer)1
Total allocated by GraphicBufferAllocator (estimate): 53120.00 KB
Imported gralloc buffers:
+ name:VRI[MainActivity]#1(BLAST Consumer)1, id:256114, size:13364.00KiB, w/h:1220x2656, usage: 0x10000b00, req fmt:1, fourcc/mod:0/0, dataspace: 0x8810000, compressed: true
+ name:VRI[MainActivity]#1(BLAST Consumer)1, id:256116, size:13364.00KiB, w/h:1220x2656, usage: 0x10000b00, req fmt:1, fourcc/mod:0/0, dataspace: 0x8810000, compressed: true
+ name:VRI[MainActivity]#1(BLAST Consumer)1, id:256115, size:13364.00KiB, w/h:1220x2656, usage: 0x10000b00, req fmt:1, fourcc/mod:0/0, dataspace: 0x8810000, compressed: true
+ name:VRI[MainActivity]#1(BLAST Consumer)1, id:256113, size:13364.00KiB, w/h:1220x2656, usage: 0x10000b00, req fmt:1, fourcc/mod:0/0, dataspace: 0x8810000, compressed: true
Total imported by gralloc: 53456.00KiB

Profile data in ms:

	com.chasel.ng2/com.chasel.ng2.MainActivity/android.view.ViewRootImpl@af1cfa5 (visibility=0)
Window: com.chasel.ng2/com.chasel.ng2.MainActivity
Stats since: 248156296272989ns
Total frames rendered: 3282
Janky frames: 0 (0.00%)
Janky frames (legacy): 68 (2.07%)
50th percentile: 9ms
90th percentile: 10ms
95th percentile: 11ms
99th percentile: 20ms
Number Missed Vsync: 0
Number High input latency: 6564
Number Slow UI thread: 0
Number Slow bitmap uploads: 0
Number Slow issue draw commands: 0
Number Frame deadline missed: 0
Number Frame deadline missed (legacy): 0
HISTOGRAM: 5ms=616 6ms=10 7ms=26 8ms=184 9ms=1934 10ms=336 11ms=32 12ms=20 13ms=24 14ms=14 15ms=20 16ms=4 17ms=6 18ms=8 19ms=10 20ms=34 21ms=2 22ms=0 23ms=2 24ms=0 25ms=0 26ms=0 27ms=0 28ms=0 29ms=0 30ms=0 31ms=0 32ms=0 34ms=0 36ms=0 38ms=0 40ms=0 42ms=0 44ms=0 46ms=0 48ms=0 53ms=0 57ms=0 61ms=0 65ms=0 69ms=0 73ms=0 77ms=0 81ms=0 85ms=0 89ms=0 93ms=0 97ms=0 101ms=0 105ms=0 109ms=0 113ms=0 117ms=0 121ms=0 125ms=0 129ms=0 133ms=0 150ms=0 200ms=0 250ms=0 300ms=0 350ms=0 400ms=0 450ms=0 500ms=0 550ms=0 600ms=0 650ms=0 700ms=0 750ms=0 800ms=0 850ms=0 900ms=0 950ms=0 1000ms=0 1050ms=0 1100ms=0 1150ms=0 1200ms=0 1250ms=0 1300ms=0 1350ms=0 1400ms=0 1450ms=0 1500ms=0 1550ms=0 1600ms=0 1650ms=0 1700ms=0 1750ms=0 1800ms=0 1850ms=0 1900ms=0 1950ms=0 2000ms=0 2050ms=0 2100ms=0 2150ms=0 2200ms=0 2250ms=0 2300ms=0 2350ms=0 2400ms=0 2450ms=0 2500ms=0 2550ms=0 2600ms=0 2650ms=0 2700ms=0 2750ms=0 2800ms=0 2850ms=0 2900ms=0 2950ms=0 3000ms=0 3050ms=0 3100ms=0 3150ms=0 3200ms=0 3250ms=0 3300ms=0 3350ms=0 3400ms=0 3450ms=0 3500ms=0 3550ms=0 3600ms=0 3650ms=0 3700ms=0 3750ms=0 3800ms=0 3850ms=0 3900ms=0 3950ms=0 4000ms=0 4050ms=0 4100ms=0 4150ms=0 4200ms=0 4250ms=0 4300ms=0 4350ms=0 4400ms=0 4450ms=0 4500ms=0 4550ms=0 4600ms=0 4650ms=0 4700ms=0 4750ms=0 4800ms=0 4850ms=0 4900ms=0 4950ms=0
50th gpu percentile: 7ms
90th gpu percentile: 8ms
95th gpu percentile: 9ms
99th gpu percentile: 15ms
GPU HISTOGRAM: 1ms=4 2ms=602 3ms=30 4ms=20 5ms=136 6ms=708 7ms=1418 8ms=196 9ms=28 10ms=26 11ms=28 12ms=24 13ms=6 14ms=6 15ms=18 16ms=24 17ms=8 18ms=0 19ms=0 20ms=0 21ms=0 22ms=0 23ms=0 24ms=0 25ms=0 4950ms=0


RenderLite trim renderNode error: 0

---PROFILEDATA---
Flags,FrameTimelineVsyncId,IntendedVsync,Vsync,InputEventId,HandleInputStart,AnimationStart,PerformTraversalsStart,DrawStart,FrameDeadline,FrameStartTime,FrameInterval,WorkloadTarget,SyncQueued,SyncStart,IssueDrawCommandsStart,SwapBuffers,FrameCompleted,DequeueBufferDuration,QueueBufferDuration,GpuCompleted,SwapBuffersCompleted,DisplayPresentTime,CommandSubmissionCompleted,
32,133515373,248188780415939,248188780415939,-910835666,248188781349019,248188781936571,248188782160425,248188782217508,248190436361364,248188781321883,8292242,13666666,248188782284175,248188782357456,248188783093289,248188784624123,248188790097456,9532,200469,248188790097456,248188784897769,0,248188784624123,
32,133515381,248188788712582,248188788712582,-855863587,248188789429696,248188790165425,248188790411571,248188790497039,248190452945729,248188789408498,8292123,13666666,248188790609175,248188790675321,248188791339852,248188792937248,248188798631623,10052,243125,248188798631623,248188793252300,0,248188792937248,
32,133515389,248188797011811,248188797011811,-709468124,248188797789539,248188798288810,248188798521727,248188798592977,248190469529899,248188797764852,8292047,13666666,248188798690425,248188798779019,248188799449800,248188800882560,248188806851831,8490,174739,248188806851831,248188801119227,0,248188800882560,
32,133515397,248188805312879,248188805312879,-9785205,248188806000946,248188806482248,248188806766206,248188806833706,248190486113951,248188805979956,8292005,13666666,248188806924800,248188806978498,248188807706779,248188809362925,248188815349956,10469,205156,248188815349956,248188809637769,0,248188809362925,
32,133515405,248188813615304,248188813615304,-975905135,248188814219123,248188814940737,248188815059644,248188815122248,248190502697948,248188814198862,8291992,13666666,248188815208237,248188815285008,248188816063394,248188817210581,248188823510008,10209,179219,248188823510008,248188817448967,0,248188817210581,
32,133515413,248188821918946,248188821918946,-414361299,248188822668602,248188823102977,248188823554800,248188823619592,248190519281951,248188822649175,8292011,13666666,248188823702196,248188823766883,248188824851987,248188826410946,248188832105685,13021,204115,248188832105685,248188826686779,0,248188826410946,
32,133515421,248188830223632,248188830223632,-486675091,248188831037300,248188831571362,248188831714123,248188831785581,248190535866027,248188831016935,8292065,13666666,248188831874123,248188832041362,248188832757977,248188834173498,248188840190060,8437,198281,248188840190060,248188834439227,0,248188834173498,
32,133515429,248188838529453,248188838529453,-436216548,248188839367196,248188839781883,248188839889279,248188839940581,248190552450259,248188839338550,8292167,13666666,248188840083342,248188840275269,248188840983967,248188842377560,248188848604227,8750,196354,248188848604227,248188842642092,0,248188842377560,
32,133515437,248188846836704,248188846836704,-552896841,248188847325633,248188847889487,248188848228185,248188848306310,248190569034769,248188847304956,8292343,13666666,248188848396623,248188848442612,248188849141467,248188850203654,248188856694071,9740,168282,248188856694071,248188850428185,0,248188850203654,
32,133515445,248188855146146,248188855146146,-436569398,248188855717248,248188856343446,248188856458342,248188856519539,248190585619762,248188855699123,8292650,13666666,248188856600737,248188856656310,248188857633967,248188859322404,248188865311310,8959,208177,248188865311310,248188859605789,0,248188859322404,
32,133515453,248188863460029,248188863460029,-960728809,248188864105217,248188864727717,248188864868081,248188864930425,248190602205657,248188864085112,8293245,13666666,248188865020998,248188865155529,248188865812300,248188867256675,248188873322664,7968,178906,248188873322664,248188867549644,0,248188867256675,
32,133515461,248188871787103,248188871787103,-195869526,248188872367456,248188872998133,248188873110998,248188873175060,248190618793631,248188872348550,8294729,13666666,248188873258654,248188873630477,248188874283446,248188875697508,248188881904800,9010,203177,248188881904800,248188875971779,0,248188875697508,
32,133515469,248188880104432,248188880104432,-899346706,248188880862196,248188881385737,248188881550529,248188881622769,248190635383857,248188880840842,8295497,13666666,248188881706467,248188881902717,248188882647300,248188883713081,248188889889435,9948,220209,248188889889435,248188883991362,0,248188883713081,
32,133515477,248188888446191,248188888446191,-301742865,248188889049279,248188889549904,248188889772925,248188889849696,248190651977461,248188889030633,8298107,13666666,248188889930060,248188889979904,248188891021258,248188892725164,248188899426623,10104,247500,248188899426623,248188893049852,0,248188892725164,
32,133515485,248188897018744,248188897018744,-510519563,248188897770008,248188898180008,248188898294279,248188898376467,248190668594483,248188897750060,8318915,13666666,248188898447456,248188898629800,248188899416675,248188900738394,248188906588133,6823,203750,248188906588133,248188901107769,0,248188900738394,
32,133515493,248188905337658,248188905337658,-659234212,248188906247092,248188906733133,248188906856883,248188906916675,248190685232313,248188906227612,8318915,13666666,248188906988133,248188907056883,248188907688914,248188909177300,248188916366883,8959,230677,248188916366883,248188909483081,0,248188909177300,
32,133515501,248188913656545,248188913656545,-115326060,248188914395008,248188914885008,248188915171102,248188915295789,248190701870141,248188914367821,8318913,13666666,248188915458498,248188915511987,248188917328237,248188918911050,248188924432248,13438,275937,248188924432248,248188919280112,0,248188918911050,
32,133515509,248188921975430,248188921975430,-475362728,248188922648967,248188923298498,248188923506050,248188923622769,248190718507965,248188922608967,8318911,13666666,248188923781467,248188923843810,248188925786883,248188927081727,248188931775841,16041,156302,248188931775841,248188927292977,0,248188927081727,
32,133515517,248188930294338,248188930294338,-98551254,248188931033029,248188931697716,248188931927612,248188931994487,248190735145787,248188931009696,8318911,13666666,248188932139800,248188932185008,248188932752144,248188934059123,248188939940685,5729,185625,248188939940685,248188934381050,0,248188934059123,
32,133515525,248188938613250,248188938613250,-293404015,248188939137091,248188939991727,248188940262664,248188940378862,248190751783609,248188939112196,8318911,13666666,248188940466258,248188940566414,248188941237352,248188942539852,248188948344123,7552,180885,248188948344123,248188942796727,0,248188942539852,
32,133515533,248188946932150,248188946932150,-932708143,248188947442196,248188947854748,248188947983550,248188948080685,248190768421430,248188947421727,8318910,13666666,248188948163654,248188948248446,248188948866675,248188950152560,248188957630581,8542,178020,248188957630581,248188950393185,0,248188950152560,
32,133515541,248188955251061,248188955251061,-632792557,248188955977716,248188957002560,248188957344071,248188957556050,248190785059250,248188955918914,8318910,13666666,248188957743550,248188957817144,248188959563446,248188961941623,248188966133446,14635,387396,248188966133446,248188962476831,0,248188961941623,
32,133515549,248188963569970,248188963569970,-353386435,248188964437925,248188965120269,248188965476935,248188965605685,248190801697070,248188964375946,8318910,13666666,248188965780008,248188965847977,248188966623237,248188968178237,248188972883081,9427,200989,248188972883081,248188968442873,0,248188968178237,
32,133515897,248189370245183,248189370245183,-171614902,248189370486518,248189370486987,248189370584227,248189370826883,248190818318320,248189370476675,8302340,13666666,248189371127404,248189371184070,248189372586831,248189374961779,248189389724227,30729,352448,248189389724227,248189375455216,0,248189374961779,
32,133515904,248189378547523,248189378547523,0,248189379001987,248189379002820,248189379170320,248189379262143,248190834923000,248189378982612,8302340,13666666,248189379418029,248189379580008,248189380381154,248189381765581,248189391222716,8802,8231927,248189391222716,248189390149123,0,248189381765581,
32,133515912,248189386849863,248189386849863,0,248189387199852,248189387200529,248189387353602,248189387430164,248190851527273,248189387183445,8301933,13666666,248189387627664,248189390338133,248189391272925,248189392583706,248189393666206,15157,264531,248189393666206,248189392909383,0,248189392583706,
32,133515920,248189395137065,248189395137065,0,248189395420633,248189395421310,248189395562091,248189395696258,248190868131139,248189395407143,8301933,13666666,248189395817716,248189395859487,248189396781414,248189398635112,248189404463550,10365,253281,248189404463550,248189398967508,0,248189398635112,
32,133515928,248189403438998,248189403438998,0,248189404685893,248189404687508,248189404999279,248189405153341,248190884735005,248189404639904,8301933,13666666,248189405459539,248189405474748,248189406390945,248189408046987,248189412657039,10677,257865,248189412657039,248189408380112,0,248189408046987,
32,133515936,248189411671954,248189411671954,0,248189412468758,248189412469435,248189412600112,248189412707925,248190901337555,248189412455060,8300617,13666666,248189412840216,248189413159695,248189413913237,248189415041258,248189421241414,8281,224063,248189421241414,248189415324695,0,248189415041258,
32,133515944,248189419953242,248189419953242,0,248189421385477,248189421386154,248189421519279,248189421574331,248190917938312,248189421368758,8300140,13666666,248189421717091,248189421735685,248189422945320,248189424702873,248189429194383,10000,293542,248189429194383,248189425076154,0,248189424702873,
32,133515952,248189428248612,248189428248612,0,248189428971727,248189428972508,248189429154435,248189429241779,248190934538362,248189428950581,8299910,13666666,248189429410581,248189429432456,248189430137873,248189431615477,248189438003550,9583,252812,248189438003550,248189431938445,0,248189431615477,
32,133515960,248189436550075,248189436550075,0,248189436957300,248189436958133,248189437137456,248189437218289,248190951138062,248189436938602,8299790,13666666,248189437385945,248189437408706,248189438186206,248189439586987,248189446244331,7187,180729,248189446244331,248189439882925,0,248189439586987,
32,133515968,248189444854752,248189444854752,0,248189445606310,248189445607248,248189445798706,248189445886154,248190967737583,248189445583133,8299731,13666666,248189446127612,248189446240112,248189446916414,248189448444331,248189454711883,9323,188854,248189454711883,248189448702039,0,248189448444331,
32,133515976,248189453161405,248189453161405,0,248189453918550,248189453919227,248189454081623,248189454155477,248190984337027,248189453903445,8299713,13666666,248189454257039,248189454289123,248189455001675,248189456502820,248189462735060,9375,197500,248189462735060,248189456770320,125780153691231,248189456502820,
32,133515984,248189461469355,248189461469355,0,248189462319175,248189462320060,248189462534591,248189462616362,248191000936466,248189462297091,8299726,13666666,248189462782716,248189462798758,248189463405633,248189464878498,248189471424227,8959,189062,248189471424227,248189465136935,7309464732524569964,248189464878498,
32,133515992,248189469778320,248189469778320,0,248189470558602,248189470559904,248189470777143,248189470864123,248191017535960,248189470528914,8299768,13666666,248189471039800,248189471059018,248189471659852,248189473105737,248189479633966,9740,185833,248189479633966,248189473359539,8100961328684823647,248189473105737,
32,133516000,248189478088107,248189478088107,0,248189478707456,248189478708341,248189479026831,248189479106831,248191034135567,248189478687143,8299839,13666666,248189479270581,248189479286570,248189479870268,248189481260998,248189488219591,9532,230989,248189488219591,248189481555164,7809911830588908916,248189481260998,
32,133516008,248189486398676,248189486398676,0,248189487014695,248189487015529,248189487220268,248189487313133,248191050735350,248189486996570,8299944,13666666,248189487471935,248189487559435,248189488292925,248189489661935,248189496255529,9271,194271,248189496255529,248189489923341,7306085877491393385,248189489661935,
32,133516016,248189494710110,248189494710110,0,248189495531779,248189495532560,248189495806675,248189495889279,248191067335387,248189495506570,8300093,13666666,248189496073758,248189496260945,248189496835998,248189498172768,248189504751310,9167,236562,248189504751310,248189498472091,8097316434837661042,248189498172768,
32,133516024,248189503022584,248189503022584,0,248189503662977,248189503663862,248189503850685,248189503949695,248191083935783,248189503646050,8300303,13666666,248189504218654,248189504249904,248189504868185,248189506215477,248189512725737,8854,187864,248189512725737,248189506465998,0,248189506215477,
32,133516032,248189511336534,248189511336534,0,248189511828654,248189511829591,248189512032664,248189512135789,248191100536693,248189511809331,8300607,13666666,248189512348133,248189512479852,248189513154956,248189514570112,248189521285998,8230,179427,248189521285998,248189514868185,0,248189514570112,
32,133516040,248189519652795,248189519652795,0,248189520570373,248189520571362,248189520783862,248189520862664,248191117138367,248189520552716,8301067,13666666,248189521012716,248189521021050,248189521625529,248189523160164,248189529414643,7083,188334,248189529414643,248189523414123,0,248189523160164,
32,133516048,248189527973486,248189527973486,0,248189528650529,248189528651518,248189528878185,248189528956258,248191133741266,248189528633393,8301832,13666666,248189529187352,248189529208914,248189529792977,248189531169279,248189537844018,8646,193906,248189537844018,248189531429018,0,248189531169279,
32,133516056,248189536304466,248189536304466,0,248189536625008,248189536625945,248189536824539,248189536877925,248191150346416,248189536609018,8303318,13666666,248189537044279,248189537121154,248189537719331,248189538891050,248189546055998,8959,262812,248189546055998,248189539212664,0,248189538891050,
32,133516071,248189544671878,248189544671878,0,248189545448185,248189545449643,248189545702508,248189545832039,248191166957105,248189545323445,8307371,13666666,248189546002091,248189546027664,248189546808966,248189548411206,248189555156154,10730,211459,248189555156154,248189548700998,0,248189548411206,
32,133516086,248189552994777,248189552994777,0,248189553736883,248189553737820,248189553960633,248189554120425,248191183572597,248189553713393,8308121,13666666,248189554348498,248189554412195,248189555350529,248189557188289,248189562960685,8698,203229,248189562960685,248189557468237,0,248189557188289,
32,133516101,248189561341360,248189561341360,0,248189562444539,248189562445373,248189562760060,248189562853341,248191200191423,248189562420998,8310705,13666666,248189563119904,248189563245008,248189564633498,248189566608966,248189571855841,32083,452239,248189571855841,248189567172768,0,248189566608966,
32,133516116,248189569757090,248189569757090,0,248189571005737,248189571008914,248189571416935,248189571596987,248191216821038,248189570933289,8318910,13666666,248189571954070,248189572063393,248189573301675,248189575060164,248189579101935,12917,217708,248189579101935,248189575361570,0,248189575060164,
32,133516124,248189578076001,248189578076001,0,248189578485945,248189578486570,248189578711362,248189578791727,248191233458858,248189578468810,8318910,13666666,248189578995633,248189579063185,248189579643289,248189580862925,248189588122247,8385,201250,248189588122247,248189581120216,0,248189580862925,
32,133516132,248189586394913,248189586394913,0,248189586874383,248189586875216,248189587096935,248189587205060,248191250096678,248189586849070,8318910,13666666,248189587491570,248189587529852,248189588360164,248189589808341,248189596036622,9062,202239,248189596036622,248189590080737,0,248189589808341,
32,133516140,248189594713836,248189594713836,0,248189595280945,248189595281779,248189595496883,248189595593914,248191266734499,248189595256727,8318911,13666666,248189595745112,248189595763550,248189596484800,248189597923393,248189604738550,8281,254635,248189604738550,248189598249227,0,248189597923393,
32,133516148,248189603032733,248189603032733,0,248189603917456,248189603918341,248189604145112,248189604264487,248191283372320,248189603897091,8318910,13666666,248189604437300,248189604456310,248189605201362,248189606638497,248189612579539,13281,204062,248189612579539,248189606913081,0,248189606638497,
32,133516156,248189611351647,248189611351647,0,248189612161466,248189612162352,248189612414747,248189612494487,248191300010140,248189612135997,8318910,13666666,248189612673393,248189612857925,248189613529175,248189614913758,248189621624487,8542,199323,248189621624487,248189615182247,0,248189614913758,
32,133516164,248189619670556,248189619670556,0,248189620331206,248189620332247,248189620540789,248189620620268,248191316647960,248189620315477,8318910,13666666,248189620780529,248189620802456,248189621712300,248189622903966,248189629411310,7552,150937,248189629411310,248189623112612,0,248189622903966,
32,133516172,248189627989465,248189627989465,0,248189628716414,248189628717404,248189628942820,248189629040789,248191333285780,248189628696570,8318910,13666666,248189629205997,248189629331675,248189629967716,248189631319018,248189637974695,7708,207969,248189637974695,248189631597195,0,248189631319018,
32,133516506,248190018065542,248190018065542,-348115115,248190018301622,248190018783862,248190018897195,248190019044018,248191349907130,248190018289174,8302440,13666666,248190019259851,248190019339904,248190020862456,248190023430841,248190038381831,33698,405052,248190038381831,248190023997508,0,248190023430841,
32,133516513,248190026367982,248190026367982,-161295670,248190026658185,248190027077976,248190027206206,248190027275268,248191366512010,248190026641518,8302440,13666666,248190027372404,248190027489956,248190028299591,248190029884643,248190038926987,8906,8537448,248190038926987,248190038508133,0,248190029884643,
32,133516521,248190034670422,248190034670422,-1000370969,248190035930945,248190036286414,248190036401310,248190036476310,248191383115781,248190035912976,8301331,13666666,248190036575893,248190038530060,248190039315737,248190040678029,248190041804643,8854,157083,248190041804643,248190040880164,0,248190040678029,
32,133516529,248190042918726,248190042918726,-1073231627,248190043145841,248190043454956,248190043551935,248190043600945,248191399718443,248190043129018,8301331,13666666,248190043668497,248190043694539,248190044207664,248190045180112,248190051946987,7760,146875,248190051946987,248190045367143,0,248190045180112,
32,133516537,248190051220057,248190051220057,-981102236,248190051438133,248190051857404,248190051948549,248190052022456,248191416321105,248190051425008,8301331,13666666,248190052095060,248190052240633,248190053081362,248190054571987,248190060757195,19218,295365,248190060757195,248190054953185,0,248190054571987,
32,133516545,248190059481374,248190059481374,-450363368,248190060120372,248190060501883,248190060580841,248190060626935,248191432922911,248190060106310,8300475,13666666,248190060686101,248190060766570,248190061106362,248190062002872,248190068600841,5364,228281,248190068600841,248190062286154,0,248190062002872,
32,133516553,248190067772970,248190067772970,-660280010,248190068544435,248190069173237,248190069383237,248190069477768,248191449523550,248190068501883,8300164,13666666,248190069599904,248190069651987,248190070517351,248190071824904,248190076944174,8854,186614,248190076944174,248190072072299,0,248190071824904,
32,133516561,248190076073738,248190076073738,-781935087,248190076468133,248190076898654,248190077014956,248190077074695,248191466123735,248190076450893,8300021,13666666,248190077155424,248190077194487,248190077782143,248190078907195,248190085389383,8282,155157,248190085389383,248190079114487,0,248190078907195,
32,133516569,248190084378591,248190084378591,-698829183,248190084842143,248190085481049,248190085639695,248190085718654,248191482723712,248190084822664,8299956,13666666,248190085823029,248190085886310,248190086757768,248190088367404,248190094228601,9063,224843,248190094228601,248190088665581,0,248190088367404,
32,133516577,248190092685634,248190092685634,-198967729,248190093525060,248190094275320,248190094479070,248190094547716,248191499323604,248190093503185,8299936,13666666,248190094645841,248190094711726,248190095549487,248190097135633,248190102260268,11355,215729,248190102260268,248190097423862,0,248190097135633,
32,133516585,248190100994091,248190100994091,-750370031,248190101531310,248190102112820,248190102258758,248190102325008,248191515923489,248190101499695,8299949,13666666,248190102412299,248190102476622,248190103208549,248190104701883,248190110788601,9063,183386,248190110788601,248190104947872,0,248190104701883,
32,133516593,248190109303479,248190109303479,-483072471,248190110062560,248190110570008,248190110838706,248190110921570,248191532523426,248190110036883,8299988,13666666,248190111024279,248190111116570,248190111860112,248190113383654,248190118853601,9636,191771,248190118853601,248190113649539,0,248190113383654,
32,133516601,248190117613671,248190117613671,-841508466,248190118480581,248190119119747,248190119261622,248190119328445,248191549123468,248190118459643,8300054,13666666,248190119418966,248190119486101,248190120255581,248190121655320,248190127587612,8698,197188,248190127587612,248190121921049,0,248190121655320,
32,133516609,248190125924488,248190125924488,-744149112,248190126265893,248190127223549,248190127511570,248190127582143,248191565723669,248190126247872,8300147,13666666,248190127669226,248190127734226,248190128428341,248190129812247,248190135664435,9583,190781,248190135664435,248190130070529,0,248190129812247,
32,133516617,248190134236042,248190134236042,-899009979,248190134865008,248190135343549,248190135484279,248190135549122,248191582324092,248190134844174,8300276,13666666,248190135641414,248190135726779,248190136474904,248190137893810,248190144260060,8802,200989,248190144260060,248190138163862,0,248190137893810,
32,133516625,248190142548402,248190142548402,-795834770,248190143405685,248190143922404,248190144100008,248190144201258,248191598924819,248190143370789,8300451,13666666,248190144286049,248190144348549,248190145008185,248190146420841,248190152260685,9219,197395,248190152260685,248190146685893,0,248190146420841,
32,133516633,248190150861806,248190150861806,-681550393,248190151286206,248190152081987,248190152390112,248190152460685,248191615525962,248190151270997,8300692,13666666,248190152550216,248190152619695,248190153274539,248190154618914,248190160789851,9375,200417,248190160789851,248190154886779,0,248190154618914,
32,133516641,248190159176762,248190159176762,-172158590,248190159835424,248190160445008,248190160582820,248190160646310,248191632127690,248190159816362,8301036,13666666,248190160727143,248190160788445,248190161423029,248190162806726,248190169295008,8593,202396,248190169295008,248190163078497,0,248190162806726,
32,133516649,248190167494221,248190167494221,-1058775465,248190168397039,248190169038185,248190169178966,248190169239851,248191648730279,248190168377299,8301553,13666666,248190169320997,248190169384904,248190169995841,248190171484122,248190177563654,9167,225104,248190177563654,248190171783237,0,248190171484122,
32,133516657,248190175816548,248190175816548,-540849846,248190176439695,248190177014174,248190177169122,248190177237456,248191665334242,248190176419799,8302410,13666666,248190177335997,248190177518706,248190178164851,248190179581101,248190185652872,9635,213125,248190185652872,248190179864226,0,248190179581101,
32,133516665,248190184150316,248190184150316,-369337462,248190185011622,248190185936362,248190186079591,248190186149018,248191681940728,248190184994174,8304076,13666666,248190186234643,248190186303341,248190186943445,248190188266466,248190194068914,9479,187136,248190194068914,248190188515268,0,248190188266466,
32,133516673,248190192525430,248190192525430,-773887442,248190192939435,248190193447664,248190193618497,248190193682768,248191698553477,248190192920581,8308673,13666666,248190193760789,248190193890737,248190195368810,248190197122195,248190203668081,15938,223281,248190203668081,248190197427091,0,248190197122195,
32,133516681,248190200852053,248190200852053,-207062470,248190201713549,248190202490841,248190202928445,248190203060268,248191715171824,248190201685112,8309674,13666666,248190203235529,248190203296310,248190205183549,248190206758081,248190211460320,18073,188802,248190211460320,248190207006987,0,248190206758081,
32,133516689,248190209205514,248190209205514,-478386376,248190209994643,248190210778393,248190210989904,248190211045633,248191731794261,248190209978497,8312763,13666666,248190211121049,248190211216206,248190212540945,248190214446362,248190218931883,24427,444583,248190218931883,248190214999695,0,248190214446362,
32,133516697,248190217596703,248190217596703,-149586621,248190217969851,248190218397612,248190218517247,248190218575164,248191748425938,248190217953810,8318914,13666666,248190218638341,248190218709904,248190219595060,248190220755997,248190227561935,7812,143541,248190227561935,248190220948497,0,248190220755997,
32,133516705,248190225915602,248190225915602,-552963612,248190226543966,248190227043445,248190227181987,248190227247612,248191765063765,248190226525060,8318913,13666666,248190227329851,248190227475216,248190228273393,248190229303758,248190236599695,8646,165990,248190236599695,248190229525164,0,248190229303758,
32,133516713,248190234234519,248190234234519,-984035751,248190234814539,248190235337456,248190235497143,248190235575893,248191781701591,248190234795529,8318913,13666666,248190235686258,248190235741466,248190237814695,248190239792560,248190245197664,12916,468698,248190245197664,248190240372247,0,248190239792560,
32,133516721,248190242553421,248190242553421,-164410844,248190243462612,248190244044070,248190244294799,248190244403966,248191798339416,248190243427247,8318912,13666666,248190244553758,248190244637664,248190246381101,248190247808706,248190252345476,9479,314739,248190252345476,248190248189018,0,248190247808706,
32,133516729,248190250872322,248190250872322,-706757832,248190251256987,248190251919747,248190252216778,248190252278289,248191814977239,248190251233445,8318911,13666666,248190252356674,248190252371258,248190253020893,248190254287664,248190260643706,7604,176145,248190260643706,248190254519695,0,248190254287664,
32,133516737,248190259191220,248190259191220,-639030938,248190260384956,248190261138862,248190261435112,248190261568445,248191831615060,248190260308081,8318910,13666666,248190261742664,248190261817508,248190262568810,248190263975372,248190268775581,10209,218073,248190268775581,248190264294799,0,248190263975372,
32,133516745,248190267510143,248190267510143,-1041533739,248190268192768,248190268780060,248190268908445,248190268970216,248191848252881,248190268159435,8318911,13666666,248190269051935,248190269094278,248190269643185,248190270727456,248190277386726,6198,148854,248190277386726,248190270928758,0,248190270727456,
32,133516753,248190275829040,248190275829040,-814176607,248190276270737,248190276952508,248190277043758,248190277095528,248191864890702,248190276242768,8318910,13666666,248190277155893,248190277384799,248190278130685,248190279378810,248190285163758,8750,178229,248190285163758,248190279615841,0,248190279378810,
32,133516761,248190284147933,248190284147933,-435705533,248190284820372,248190285179487,248190285271935,248190285315945,248191881528520,248190284805372,8318908,13666666,248190285372039,248190285429747,248190285965060,248190286933341,248190293871414,7343,144375,248190293871414,248190287126518,0,248190286933341,
32,133517137,248190690819762,248190690819762,-180127962,248190691129799,248190691130372,248190691233705,248190691466257,248191898149709,248190691117924,8302281,13666666,248190691770060,248190691931778,248190693463914,248190695982247,248190711750320,32291,377240,248190711750320,248190696612872,0,248190695982247,
32,133517144,248190699122043,248190699122043,0,248190699498757,248190699499487,248190699653237,248190699725424,248191914754271,248190699484851,8302281,13666666,248190699892976,248190700057351,248190700827976,248190702255580,248190712984070,9270,9509531,248190712984070,248190711837195,7306934700536131427,248190702255580,
32,133517152,248190707424324,248190707424324,0,248190708918862,248190708919955,248190709085268,248190709172247,248191931357868,248190708896674,8301316,13666666,248190709305580,248190711911101,248190712562664,248190713807612,248190714903914,8073,185104,248190714903914,248190714046778,8318823021040067423,248190713807612,
32,133517160,248190715678799,248190715678799,0,248190715975112,248190715975945,248190716177872,248190716287455,248191947960500,248190715956726,8301316,13666666,248190716416570,248190716447768,248190716979226,248190718149851,248190724498237,6197,162084,248190724498237,248190718357299,6874028453762003572,248190718149851,
32,133517168,248190723980115,248190723980115,0,248190724457507,248190724458237,248190724606622,248190724682455,248191964563132,248190724440268,8301316,13666666,248190724915476,248190724968132,248190725678393,248190727114122,248190733131466,9479,202240,248190733131466,248190727384955,7956012745154194530,248190727114122,
32,133517176,248190732196691,248190732196691,0,248190733449955,248190733450685,248190733609330,248190733681310,248191981163590,248190733435112,8299142,13666666,248190733819955,248190733832247,248190734647976,248190736201049,248190741167351,9063,193646,248190741167351,248190736465893,7307502065682249069,248190736201049,
32,133517184,248190740471384,248190740471384,0,248190740905060,248190740905893,248190741089643,248190741167507,248191997761874,248190740885476,8299142,13666666,248190741314330,248190741378914,248190742009435,248190743507247,248190749720476,8906,198177,248190749720476,248190743778237,8169381708511007304,248190743507247,
32,133517192,248190748763044,248190748763044,0,248190749224903,248190749225737,248190749406518,248190749489955,248192014359872,248190749205164,8298856,13666666,248190749641205,248190749659591,248190750286726,248190751721882,248190757927455,9636,189427,248190757927455,248190751976466,8097283393133169494,248190751721882,
32,133517200,248190757062023,248190757062023,0,248190757450632,248190757452247,248190757645112,248190757730737,248192030957429,248190757369643,8298701,13666666,248190757876257,248190757934278,248190758513497,248190759878185,248190766628028,8698,222968,248190766628028,248190760166935,5431142508371378177,248190759878185,
32,133517208,248190765364857,248190765364857,0,248190765860060,248190765860997,248190766046205,248190766161257,248192047554748,248190765840060,8298618,13666666,248190766312716,248190766452195,248190767065737,248190768539643,248190774672143,8854,180000,248190774672143,248190768787351,8589934592,248190768539643,
32,133517216,248190773670059,248190773670059,0,248190774551622,248190774552403,248190774712247,248190774787872,248192064151949,248190774533028,8298583,13666666,248190774927507,248190774943132,248190775519591,248190776941674,248190783230424,8698,185313,248190783230424,248190777194278,0,248190776941674,
32,133517224,248190781976749,248190781976749,0,248190782530580,248190782531570,248190782730528,248190782814174,248192080749114,248190782510945,8298582,13666666,248190782967924,248190782987403,248190783569435,248190784999903,248190791325476,9062,185937,248190791325476,248190785254799,0,248190784999903,
32,133517232,248190790284596,248190790284596,0,248190790759799,248190790760632,248190790935007,248190791031362,248192097346308,248190790739695,8298612,13666666,248190791173028,248190791354643,248190791900997,248190793267716,248190800114174,8750,171770,248190800114174,248190793505268,0,248190793267716,
32,133517240,248190798593386,248190798593386,0,248190799219070,248190799221362,248190799399487,248190799509174,248192113943593,248190799197091,8298673,13666666,248190799642455,248190799662403,248190800315737,248190801592664,248190808447247,9063,171354,248190808447247,248190801827612,0,248190801592664,
32,133517248,248190806903073,248190806903073,0,248190808436622,248190808437664,248190808599382,248190808677299,248192130541176,248190808417507,8298910,13666666,248190808811257,248190808827560,248190809426622,248190810727351,248190816786205,9323,196093,248190816786205,248190810991570,0,248190810727351,
32,133517256,248190815213626,248190815213626,0,248190815809018,248190815810632,248190816056101,248190816192820,248192147138996,248190815773705,8298910,13666666,248190816373757,248190816390268,248190817033601,248190818246049,248190824753862,8073,168281,248190824753862,248190818474435,0,248190818246049,
32,133517264,248190823525267,248190823525267,0,248190824074539,248190824075476,248190824298862,248190824391622,248192163737017,248190824052039,8299111,13666666,248190824538966,248190824559382,248190825167403,248190826538914,248190833258185,9114,209948,248190833258185,248190826819487,0,248190826538914,
32,133517272,248190831838399,248190831838399,0,248190832771935,248190832772820,248190833008497,248190833119330,248192180335533,248190832723132,8299405,13666666,248190833276101,248190833292247,248190833996882,248190835422664,248190841441674,10521,187812,248190841441674,248190835681362,0,248190835422664,
32,133517280,248190840153859,248190840153859,0,248190840759070,248190840759955,248190840973966,248190841078914,248192196934792,248190840737560,8299854,13666666,248190841243862,248190841259122,248190841889122,248190843249174,248190849985945,9428,203906,248190849985945,248190843519643,0,248190843249174,
32,133517288,248190848473685,248190848473685,0,248190849078653,248190849079539,248190849258289,248190849349018,248192213535249,248190849060112,8300603,13666666,248190849506153,248190849527091,248190850152351,248190851470476,248190858032455,9844,179844,248190858032455,248190851714643,0,248190851470476,
32,133517296,248190856803667,248190856803667,0,248190857597351,248190857598080,248190857771935,248190857854955,248192230137914,248190857578393,8302062,13666666,248190857995997,248190858012507,248190858566882,248190859867976,248190866720789,8958,272396,248190866720789,248190860204955,0,248190859867976,
32,133517304,248190865169469,248190865169469,0,248190865696362,248190865697195,248190865893810,248190865968289,248192246746020,248190865668862,8306044,13666666,248190866140268,248190866157820,248190866849955,248190868265893,248190874865893,7344,188750,248190874865893,248190868524122,0,248190868265893,
32,133517312,248190873495133,248190873495133,0,248190874122872,248190874123705,248190874331674,248190874415737,248192263359127,248190874092507,8307063,13666666,248190874688705,248190874805268,248190875369330,248190876776987,248190883325476,8334,181667,248190883325476,248190877027091,0,248190876776987,
32,133517320,248190881851562,248190881851562,0,248190883099330,248190883101726,248190883552768,248190883735632,248192279976655,248190883030216,8310465,13666666,248190884164070,248190884204018,248190884820268,248190886143132,248190891391830,8281,192344,248190891391830,248190886402351,0,248190886143132,
32,133517328,248190890270135,248190890270135,0,248190890751466,248190890752299,248190890955632,248190891039539,248192296606031,248190890713445,8318911,13666666,248190891193132,248190891201205,248190891728705,248190892928601,248190899871882,7031,143750,248190899871882,248190893131101,0,248190892928601,
32,133517336,248190898589046,248190898589046,0,248190899186674,248190899187507,248190899370059,248190899444851,248192313243853,248190899168809,8318911,13666666,248190899594955,248190899612612,248190900257403,248190901530737,248190908067820,9428,178594,248190908067820,248190901775216,0,248190901530737,
32,133517344,248190906907944,248190906907944,0,248190907433028,248190907433862,248190907618653,248190907695424,248192329881674,248190907415737,8318910,13666666,248190907846153,248190907868393,248190908461257,248190909732768,248190916926934,7500,228073,248190916926934,248190910028862,0,248190909732768,
32,133517352,248190915226855,248190915226855,0,248190915700789,248190915701674,248190915873914,248190915983080,248192346519494,248190915679955,8318910,13666666,248190916185216,248190916204018,248190917041466,248190918407455,248190924715893,9479,192969,248190924715893,248190918670737,0,248190918407455,
32,133517360,248190923545753,248190923545753,0,248190924094382,248190924095372,248190924294747,248190924390424,248192363157313,248190924073809,8318909,13666666,248190924676362,248190924748237,248190925402559,248190926650945,248190933068757,7760,177812,248190933068757,248190926895007,0,248190926650945,
32,133517368,248190931864665,248190931864665,0,248190932856518,248190932857195,248190932997403,248190933055580,248192379795131,248190932841570,8318909,13666666,248190933157507,248190933215945,248190933895216,248190935249382,248190941149434,9114,197604,248190941149434,248190935516674,0,248190935249382,
32,133517376,248190940183596,248190940183596,0,248190940920372,248190940921309,248190941252403,248190941355372,248192396432950,248190940898705,8318910,13666666,248190941508549,248190941560893,248190942113393,248190943295789,248190950178705,7136,155052,248190950178705,248190943509851,0,248190943295789,
32,133517384,248190948502496,248190948502496,0,248190948969070,248190948969955,248190949186778,248190949269539,248192413070770,248190948942039,8318910,13666666,248190949340789,248190949402872,248190950004591,248190951331622,248190957941987,9948,175469,248190957941987,248190951571466,0,248190951331622,
---PROFILEDATA---


View hierarchy:

  com.chasel.ng2/com.chasel.ng2.MainActivity/android.view.ViewRootImpl@af1cfa5
  436 views, 916.02 kB of render nodes


  Dynamic VRI BBQ Log.  render_draw: false  hdr_dimmer: false  blur_blend: false  hwui_window_decor: false  sync_barrier: false

Total ViewRootImpl   : 1
Total attached Views : 436
Total RenderNode     : 916.02 kB (used) / 2705.64 kB (capacity)

