Applications Graphics Acceleration Info:
Uptime: 248140019 Realtime: 686334522

** Graphics info for pid 10128 [com.chasel.ng2] **

Stats since: 248106500611081ns
Total frames rendered: 6896
Janky frames: 0 (0.00%)
Janky frames (legacy): 34 (0.49%)
50th percentile: 8ms
90th percentile: 9ms
95th percentile: 9ms
99th percentile: 11ms
Number Missed Vsync: 0
Number High input latency: 13792
Number Slow UI thread: 0
Number Slow bitmap uploads: 0
Number Slow issue draw commands: 0
Number Frame deadline missed: 0
Number Frame deadline missed (legacy): 0
HISTOGRAM: 5ms=3066 6ms=174 7ms=54 8ms=242 9ms=3082 10ms=198 11ms=40 12ms=16 13ms=4 14ms=2 15ms=2 16ms=2 17ms=2 18ms=2 19ms=8 20ms=2 21ms=0 22ms=0 23ms=0 24ms=0 25ms=0 26ms=0 27ms=0 28ms=0 29ms=0 30ms=0 31ms=0 32ms=0 34ms=0 36ms=0 38ms=0 40ms=0 42ms=0 44ms=0 46ms=0 48ms=0 53ms=0 57ms=0 61ms=0 65ms=0 69ms=0 73ms=0 77ms=0 81ms=0 85ms=0 89ms=0 93ms=0 97ms=0 101ms=0 105ms=0 109ms=0 113ms=0 117ms=0 121ms=0 125ms=0 129ms=0 133ms=0 150ms=0 200ms=0 250ms=0 300ms=0 350ms=0 400ms=0 450ms=0 500ms=0 550ms=0 600ms=0 650ms=0 700ms=0 750ms=0 800ms=0 850ms=0 900ms=0 950ms=0 1000ms=0 1050ms=0 1100ms=0 1150ms=0 1200ms=0 1250ms=0 1300ms=0 1350ms=0 1400ms=0 1450ms=0 1500ms=0 1550ms=0 1600ms=0 1650ms=0 1700ms=0 1750ms=0 1800ms=0 1850ms=0 1900ms=0 1950ms=0 2000ms=0 2050ms=0 2100ms=0 2150ms=0 2200ms=0 2250ms=0 2300ms=0 2350ms=0 2400ms=0 2450ms=0 2500ms=0 2550ms=0 2600ms=0 2650ms=0 2700ms=0 2750ms=0 2800ms=0 2850ms=0 2900ms=0 2950ms=0 3000ms=0 3050ms=0 3100ms=0 3150ms=0 3200ms=0 3250ms=0 3300ms=0 3350ms=0 3400ms=0 3450ms=0 3500ms=0 3550ms=0 3600ms=0 3650ms=0 3700ms=0 3750ms=0 3800ms=0 3850ms=0 3900ms=0 3950ms=0 4000ms=0 4050ms=0 4100ms=0 4150ms=0 4200ms=0 4250ms=0 4300ms=0 4350ms=0 4400ms=0 4450ms=0 4500ms=0 4550ms=0 4600ms=0 4650ms=0 4700ms=0 4750ms=0 4800ms=0 4850ms=0 4900ms=0 4950ms=0
50th gpu percentile: 5ms
90th gpu percentile: 7ms
95th gpu percentile: 7ms
99th gpu percentile: 8ms
GPU HISTOGRAM: 1ms=0 2ms=3212 3ms=114 4ms=70 5ms=242 6ms=1526 7ms=1486 8ms=196 9ms=26 10ms=4 11ms=4 12ms=0 13ms=2 14ms=4 15ms=8 16ms=2 17ms=0 18ms=0 19ms=0 20ms=0 21ms=0 22ms=0 23ms=0 24ms=0 25ms=0 4950ms=0

Pipeline=Skia (Vulkan)
Memory policy:
  Max surface area: 3240320
  Max resource usage: 466.61MB (x48)
  Background retention: 50% (altUiHidden = true)
  GPU Context timeout: 10
Contexts: 1 (stopped = 0)
CPU Caches:
  Glyph Cache: 7.03 MB (1 entry)
  Glyph Count: 109 
Total CPU memory usage:
  7367164 bytes, 7.03 MB (0.00 bytes is purgeable)
GPU Caches:
  Other:
    Other: 185.00 KB (1 entry)
    Buffer Object: 464.00 bytes (2 entries)
    GrVkImage: 768.00 KB (2 entries)
  Image:
    Surface: 1001.77 KB (19 entries)
  Scratch:
    GrVkTextureRenderTarget: 49.51 MB (5 entries)
    Surface: 2.00 MB (2 entries)
    GrVkImage: 256.00 KB (27 entries)
    Buffer Object: 271.12 KB (11 entries)
Total GPU memory usage:
  56550248 bytes, 53.93 MB (1.06 MB is purgeable)
Detail dimensions: 
Buffer Object:				49152		{0x0}	1
GrVkImage:				0		{2048x1024}	1
GrVkImage:				0		{69x60}	4
GrVkImage:				0		{512x1}	1
Surface:				512		{512x1}	1
Buffer Object:				30720		{0x0}	1
GrVkImage:				0		{1220x2656}	4
Surface:				2097152		{2048x1024}	1
GrVkTextureRenderTarget:				12961280		{1220x2656}	4
GrVkImage:				0		{137x139}	1
Surface:				76172		{137x139}	1
GrVkImage:				0		{65x65}	1
GrVkImage:				0		{256x256}	1
Surface:				75076		{137x137}	5
Buffer Object:				384		{0x0}	3
GrVkImage:				262144		{256x256}	2
GrVkImage:				0		{66x60}	1
Surface:				16560		{69x60}	4
GrVkImage:				0		{141x137}	1
GrVkImage:				0		{71x60}	1
GrVkImage:				0		{137x137}	5
GrVkImage:				0		{180x135}	1
GrVkImage:				0		{138x137}	1
Surface:				53628		{109x123}	1
GrVkImage:				0		{109x123}	1
Surface:				77268		{141x137}	1
Surface:				76160		{140x136}	1
GrVkImage:				0		{140x136}	1
Surface:				97200		{180x135}	1
Surface:				78364		{143x137}	1
GrVkImage:				0		{143x137}	1
GrVkTextureRenderTarget:				65536		{256x256}	1
Buffer Object:				32768		{0x0}	6
Buffer Object:				272		{0x0}	1
Buffer Object:				192		{0x0}	1
Surface:				16900		{65x65}	1
GrVkImage:				524288		{512x256}	1
Surface:				17040		{71x60}	1
Surface:				15840		{66x60}	1
Surface:				75624		{138x137}	1

GraphicBufferAllocator buffers:
            Handle |         Size |     W (Stride) x H | Layers |   Format |      Usage | Requestor
0xb400007badc2d120 | 13280.00 KiB | 1220 (1280) x 2656 |      1 |        1 | 0x10000b00 | VRI[MainActivity]#1(BLAST Consumer)1
0xb400007badc36ff0 | 13280.00 KiB | 1220 (1280) x 2656 |      1 |        1 | 0x10000b00 | VRI[MainActivity]#1(BLAST Consumer)1
0xb400007badca5f10 | 13280.00 KiB | 1220 (1280) x 2656 |      1 |        1 | 0x10000b00 | VRI[MainActivity]#1(BLAST Consumer)1
0xb400007badcaa8a0 | 13280.00 KiB | 1220 (1280) x 2656 |      1 |        1 | 0x10000b00 | VRI[MainActivity]#1(BLAST Consumer)1
Total allocated by GraphicBufferAllocator (estimate): 53120.00 KB
Imported gralloc buffers:
+ name:VRI[MainActivity]#1(BLAST Consumer)1, id:256114, size:13364.00KiB, w/h:1220x2656, usage: 0x10000b00, req fmt:1, fourcc/mod:0/0, dataspace: 0x8810000, compressed: true
+ name:VRI[MainActivity]#1(BLAST Consumer)1, id:256116, size:13364.00KiB, w/h:1220x2656, usage: 0x10000b00, req fmt:1, fourcc/mod:0/0, dataspace: 0x8810000, compressed: true
+ name:VRI[MainActivity]#1(BLAST Consumer)1, id:256115, size:13364.00KiB, w/h:1220x2656, usage: 0x10000b00, req fmt:1, fourcc/mod:0/0, dataspace: 0x8810000, compressed: true
+ name:VRI[MainActivity]#1(BLAST Consumer)1, id:256113, size:13364.00KiB, w/h:1220x2656, usage: 0x10000b00, req fmt:1, fourcc/mod:0/0, dataspace: 0x8810000, compressed: true
Total imported by gralloc: 53456.00KiB

Profile data in ms:

	com.chasel.ng2/com.chasel.ng2.MainActivity/android.view.ViewRootImpl@af1cfa5 (visibility=0)
Window: com.chasel.ng2/com.chasel.ng2.MainActivity
Stats since: 248106500610977ns
Total frames rendered: 6896
Janky frames: 0 (0.00%)
Janky frames (legacy): 34 (0.49%)
50th percentile: 8ms
90th percentile: 9ms
95th percentile: 9ms
99th percentile: 11ms
Number Missed Vsync: 0
Number High input latency: 13792
Number Slow UI thread: 0
Number Slow bitmap uploads: 0
Number Slow issue draw commands: 0
Number Frame deadline missed: 0
Number Frame deadline missed (legacy): 0
HISTOGRAM: 5ms=3066 6ms=174 7ms=54 8ms=242 9ms=3082 10ms=198 11ms=40 12ms=16 13ms=4 14ms=2 15ms=2 16ms=2 17ms=2 18ms=2 19ms=8 20ms=2 21ms=0 22ms=0 23ms=0 24ms=0 25ms=0 26ms=0 27ms=0 28ms=0 29ms=0 30ms=0 31ms=0 32ms=0 34ms=0 36ms=0 38ms=0 40ms=0 42ms=0 44ms=0 46ms=0 48ms=0 53ms=0 57ms=0 61ms=0 65ms=0 69ms=0 73ms=0 77ms=0 81ms=0 85ms=0 89ms=0 93ms=0 97ms=0 101ms=0 105ms=0 109ms=0 113ms=0 117ms=0 121ms=0 125ms=0 129ms=0 133ms=0 150ms=0 200ms=0 250ms=0 300ms=0 350ms=0 400ms=0 450ms=0 500ms=0 550ms=0 600ms=0 650ms=0 700ms=0 750ms=0 800ms=0 850ms=0 900ms=0 950ms=0 1000ms=0 1050ms=0 1100ms=0 1150ms=0 1200ms=0 1250ms=0 1300ms=0 1350ms=0 1400ms=0 1450ms=0 1500ms=0 1550ms=0 1600ms=0 1650ms=0 1700ms=0 1750ms=0 1800ms=0 1850ms=0 1900ms=0 1950ms=0 2000ms=0 2050ms=0 2100ms=0 2150ms=0 2200ms=0 2250ms=0 2300ms=0 2350ms=0 2400ms=0 2450ms=0 2500ms=0 2550ms=0 2600ms=0 2650ms=0 2700ms=0 2750ms=0 2800ms=0 2850ms=0 2900ms=0 2950ms=0 3000ms=0 3050ms=0 3100ms=0 3150ms=0 3200ms=0 3250ms=0 3300ms=0 3350ms=0 3400ms=0 3450ms=0 3500ms=0 3550ms=0 3600ms=0 3650ms=0 3700ms=0 3750ms=0 3800ms=0 3850ms=0 3900ms=0 3950ms=0 4000ms=0 4050ms=0 4100ms=0 4150ms=0 4200ms=0 4250ms=0 4300ms=0 4350ms=0 4400ms=0 4450ms=0 4500ms=0 4550ms=0 4600ms=0 4650ms=0 4700ms=0 4750ms=0 4800ms=0 4850ms=0 4900ms=0 4950ms=0
50th gpu percentile: 5ms
90th gpu percentile: 7ms
95th gpu percentile: 7ms
99th gpu percentile: 8ms
GPU HISTOGRAM: 1ms=0 2ms=3212 3ms=114 4ms=70 5ms=242 6ms=1526 7ms=1486 8ms=196 9ms=26 10ms=4 11ms=4 12ms=0 13ms=2 14ms=4 15ms=8 16ms=2 17ms=0 18ms=0 19ms=0 20ms=0 21ms=0 22ms=0 23ms=0 24ms=0 25ms=0 4950ms=0


RenderLite trim renderNode error: 0

---PROFILEDATA---
Flags,FrameTimelineVsyncId,IntendedVsync,Vsync,InputEventId,HandleInputStart,AnimationStart,PerformTraversalsStart,DrawStart,FrameDeadline,FrameStartTime,FrameInterval,WorkloadTarget,SyncQueued,SyncStart,IssueDrawCommandsStart,SwapBuffers,FrameCompleted,DequeueBufferDuration,QueueBufferDuration,GpuCompleted,SwapBuffersCompleted,DisplayPresentTime,CommandSubmissionCompleted,
32,133475694,248138626516424,248138626516424,-537597835,248138626954298,248138627271017,248138627428621,248138627557632,248163009088136,248138626939298,8318910,13666666,248138627625965,248138627665444,248138628265965,248138629427163,248138630959559,9896,174948,248138630959559,248138629668673,0,248138629427163,
32,133475702,248138634835350,248138634835350,-157081882,248138635433986,248138635855236,248138636045757,248138636110288,248163025725956,248138635414611,8318910,13666666,248138636188152,248138636230340,248138636784507,248138637981590,248138639571121,8542,199636,248138639571121,248138638251173,0,248138637981590,
32,133475710,248138643154261,248138643154261,-406182059,248138643565444,248138643905965,248138644051954,248138644106590,248163042363777,248138643549194,8318911,13666666,248138644178777,248138644212371,248138644753725,248138645913882,248138647437423,8542,182292,248138647437423,248138646157007,0,248138645913882,
32,133475718,248138651473188,248138651473188,-484731013,248138652030132,248138652375079,248138652525027,248138652584194,248163059001600,248138651985965,8318912,13666666,248138652659975,248138652841121,248138653420444,248138654618621,248138656168204,9479,191407,248138656168204,248138654877111,0,248138654618621,
32,133475726,248138659792113,248138659792113,-421196923,248138660369454,248138660741746,248138660843934,248138660895444,248163075639426,248138660354246,8318914,13666666,248138660964090,248138661007059,248138661576277,248138662751798,248138664268257,8802,199948,248138664268257,248138663020913,0,248138662751798,
32,133475734,248138668111051,248138668111051,-996135696,248138668658673,248138669098361,248138669236954,248138669299559,248163092277254,248138668638361,8318914,13666666,248138669378204,248138669434350,248138669994611,248138671206121,248138672693986,9948,200417,248138672693986,248138671475184,0,248138671206121,
32,133475742,248138676429965,248138676429965,-416800014,248138677603777,248138677936329,248138678069767,248138678145184,248163108915083,248138677588204,8318915,13666666,248138678219454,248138678293829,248138678835861,248138680126694,248138681560913,8542,201510,248138681560913,248138680397475,0,248138680126694,
32,133475750,248138684748889,248138684748889,-482374278,248138685013048,248138685375756,248138685499611,248138685574923,248163125552913,248138684996017,8318915,13666666,248138685648673,248138685700184,248138686266173,248138687522527,248138689015079,9115,198542,248138689015079,248138687788361,0,248138687522527,
32,133475758,248138693067800,248138693067800,-882815536,248138693730444,248138694066954,248138694182423,248138694235652,248163142190743,248138693714715,8318915,13666666,248138694303986,248138694340131,248138694899298,248138696192944,248138697688517,8490,202188,248138697688517,248138696467319,0,248138696192944,
32,133475766,248138701386715,248138701386715,-574119431,248138701811329,248138702244298,248138702374038,248138702437267,248163158828572,248138701791173,8318914,13666666,248138702518569,248138702556017,248138703165496,248138704425913,248138706246746,8698,178698,248138706246746,248138704671694,0,248138704425913,
32,133475774,248138709705614,248138709705614,-672256687,248138710088829,248138710527579,248138710659923,248138710724663,248163175466400,248138710069402,8318914,13666666,248138710808309,248138710899142,248138711474975,248138712816329,248138714315444,8750,189635,248138714315444,248138713075444,0,248138712816329,
32,133475782,248138718024525,248138718024525,-517137385,248138718419246,248138718759298,248138718966486,248138719025079,248163192104227,248138718403048,8318913,13666666,248138719101486,248138719177527,248138719762944,248138721013829,248138722516850,9479,202032,248138722516850,248138721285704,0,248138721013829,
32,133475790,248138726343423,248138726343423,-658935415,248138726773361,248138727146902,248138727262736,248138727318621,248163208742053,248138726757319,8318913,13666666,248138727393256,248138727429767,248138728043152,248138729253777,248138730748152,9740,197708,248138730748152,248138729520444,0,248138729253777,
32,133475798,248138734662339,248138734662339,-567170941,248138735054975,248138735462736,248138735595861,248138735662423,248163225379878,248138735035756,8318912,13666666,248138735739923,248138735814923,248138736401069,248138737504506,248138739049142,7395,161614,248138739049142,248138737778465,0,248138737504506,
32,133475806,248138742981241,248138742981241,-518620402,248138743263413,248138743724506,248138743859871,248138743918204,248163242017700,248138743247371,8318910,13666666,248138743993777,248138744246486,248138744798673,248138746024402,248138747649038,9635,202708,248138747649038,248138746296590,0,248138746024402,
32,133475814,248138751300128,248138751300128,-360206835,248138751569142,248138751931017,248138752138413,248138752198777,248163258655520,248138751551954,8318910,13666666,248138752276642,248138752314715,248138752929559,248138754159090,248138755774142,9427,216250,248138755774142,248138754444715,0,248138754159090,
32,133475822,248138759619040,248138759619040,-458168058,248138760306642,248138760751902,248138760883309,248138760948986,248163275293341,248138760285027,8318911,13666666,248138761031590,248138761079402,248138761708725,248138762948256,248138764565861,9427,194010,248138764565861,248138763211121,0,248138762948256,
32,133475830,248138767937969,248138767937969,-935691336,248138768469090,248138768825027,248138768975756,248138769031746,248163291931164,248138768453048,8318912,13666666,248138769106590,248138769144194,248138769748673,248138770934194,248138772639142,10053,187917,248138772639142,248138771189194,0,248138770934194,
32,133475838,248138776256892,248138776256892,-342258119,248138776600861,248138777016798,248138777329350,248138777387788,248163308568987,248138776583152,8318911,13666666,248138777465184,248138777535600,248138778154923,248138779411225,248138781183413,8229,198907,248138781183413,248138779754611,0,248138779411225,
32,133475846,248138784575789,248138784575789,-318346780,248138784914871,248138785487788,248138785630288,248138785698881,248163325206809,248138784897944,8318911,13666666,248138785783673,248138785853829,248138786502579,248138787770600,248138789478881,9532,235468,248138789478881,248138788079038,0,248138787770600,
32,133475854,248138792894701,248138792894701,-758256496,248138793329819,248138793735392,248138793870340,248138793935496,248163341844631,248138793309350,8318911,13666666,248138794019090,248138794085184,248138794708881,248138795966694,248138797731902,9479,293386,248138797731902,248138796333725,0,248138795966694,
32,133475862,248138801213610,248138801213610,-173026880,248138801998725,248138802381434,248138802523256,248138802580236,248163358482453,248138801982579,8318911,13666666,248138802655652,248138802697631,248138803310704,248138804638048,248138806390913,8802,214427,248138806390913,248138804924350,0,248138804638048,
32,133475870,248138809532524,248138809532524,-7390634,248138809936381,248138810341694,248138810480184,248138810545392,248163375120275,248138809916902,8318911,13666666,248138810628673,248138810671434,248138811304194,248138812595131,248138814331069,9427,204115,248138814331069,248138812869819,0,248138812595131,
32,133475878,248138817851433,248138817851433,-963769204,248138818405600,248138818779923,248138818933569,248138819012059,248163391758097,248138818390236,8318911,13666666,248138819088725,248138819179506,248138819785809,248138821064090,248138822808048,9271,195886,248138822808048,248138821328725,0,248138821064090,
32,133475886,248138826170344,248138826170344,-530719744,248138826727006,248138827099871,248138827214975,248138827267631,248163408395920,248138826710444,8318912,13666666,248138827338517,248138827378934,248138828034298,248138829255131,248138831028413,9218,197448,248138831028413,248138829522892,0,248138829255131,
32,133475894,248138834489272,248138834489272,-334606739,248138835305340,248138835686381,248138835817267,248138835872423,248163425033744,248138835289767,8318912,13666666,248138835972840,248138836045444,248138836641381,248138837854506,248138839640184,9166,220677,248138839640184,248138838144559,0,248138837854506,
32,133475902,248138842808184,248138842808184,-828996524,248138843330652,248138843732788,248138843853413,248138843913100,248163441671568,248138843307163,8318912,13666666,248138843987371,248138844026694,248138844609663,248138845668829,248138847409402,7396,159636,248138847409402,248138845882163,0,248138845668829,
32,133475910,248138851127095,248138851127095,-892540472,248138851384298,248138851871277,248138852034454,248138852095913,248163458309392,248138851367579,8318912,13666666,248138852200652,248138852262788,248138852830704,248138853937475,248138855712788,8907,188386,248138855712788,248138854188777,125780153691231,248138853937475,
32,133475918,248138859446007,248138859446007,-262052796,248138859708829,248138860342423,248138860482215,248138860549038,248163474947215,248138859694090,8318911,13666666,248138860633517,248138860675288,248138861290131,248138862536277,248138864345131,9167,214896,248138864345131,248138862820496,7309464732524569964,248138862536277,
32,133475926,248138867764904,248138867764904,-559060764,248138868214923,248138868655444,248138868791329,248138868855600,248163491585037,248138868195392,8318911,13666666,248138868938309,248138869010444,248138869618621,248138870865340,248138872644194,10156,187291,248138872644194,248138871119298,8100961328684823647,248138870865340,
32,133475934,248138876083815,248138876083815,-206478894,248138876407215,248138876839142,248138876972579,248138877039611,248163508222858,248138876387579,8318910,13666666,248138877125027,248138877188517,248138877812423,248138879072944,248138880813361,9792,201667,248138880813361,248138879344194,7809911830588908916,248138879072944,
32,133475942,248138884402712,248138884402712,-676722278,248138885910600,248138886311173,248138886461381,248138886544454,248163524860677,248138885891017,8318909,13666666,248138886628621,248138886714402,248138887396798,248138888699767,248138890452892,9896,210573,248138890452892,248138889065131,7306085877491393385,248138888699767,
32,133475950,248138892721609,248138892721609,-652331298,248138893349350,248138893836590,248138893980600,248138894046329,248163541498496,248138893327163,8318910,13666666,248138894128829,248138894193673,248138894818204,248138896126746,248138897793517,8177,192708,248138897793517,248138896385704,8097316434837661042,248138896126746,
32,133475958,248138901040534,248138901040534,-55266565,248138901715861,248138902122892,248138902242475,248138902291433,248163558136316,248138901700027,8318910,13666666,248138902359975,248138902404715,248138903041954,248138904385808,248138906827371,6615,299896,248138906827371,248138904757736,0,248138904385808,
32,133475966,248138909359444,248138909359444,-1002353687,248138909726590,248138910160496,248138910311694,248138910361694,248163574774136,248138909711486,8318910,13666666,248138910447736,248138910599923,248138912251069,248138914002371,248138915648986,28593,267239,248138915648986,248138914363933,0,248138914002371,
32,133475974,248138917678355,248138917678355,-1037064518,248138917882840,248138918184871,248138918252215,248138918283308,248163591411956,248138917871694,8318910,13666666,248138918326850,248138918384402,248138919137579,248138920115861,248138921697683,6927,200469,248138921697683,248138920384975,0,248138920115861,
32,133475982,248138925997267,248138925997267,-635374040,248138926238725,248138926564767,248138926692892,248138926743725,248163608049777,248138926223881,8318911,13666666,248138926811642,248138926868986,248138927635131,248138929004298,248138930724090,8229,219740,248138930724090,248138929296694,0,248138929004298,
32,133475990,248138934316191,248138934316191,-74739974,248138934609975,248138935012475,248138935133986,248138935189663,248163624687599,248138934593621,8318911,13666666,248138935265861,248138935328777,248138936116173,248138937440340,248138939216902,9375,206302,248138939216902,248138937719975,0,248138937440340,
32,133475998,248138942635102,248138942635102,-91032003,248138942891538,248138943287475,248138943399767,248138943451329,248163641325421,248138942877111,8318911,13666666,248138943523152,248138943562840,248138944258621,248138945537944,248138947263517,9218,187657,248138947263517,248138945794350,0,248138945537944,
32,133476006,248138950954016,248138950954016,-628531351,248138951235965,248138951774715,248138951913413,248138951978308,248163657963244,248138951219298,8318912,13666666,248138952098569,248138952143465,248138952824871,248138954079402,248138955840288,9062,289635,248138955840288,248138954440027,0,248138954079402,
32,133476014,248138959272944,248138959272944,-389996479,248138960282892,248138960674402,248138960812996,248138960894402,248163674601068,248138960267215,8318912,13666666,248138960970652,248138961028204,248138961639454,248138962828308,248138964608465,9428,196041,248138964608465,248138963095340,0,248138962828308,
32,133476022,248138967591861,248138967591861,-455862156,248138968540600,248138968969819,248138969098152,248138969161850,248163691238892,248138968521850,8318912,13666666,248138969238413,248138969304038,248138969935131,248138971140704,248138972910652,7500,180469,248138972910652,248138971385496,0,248138971140704,
32,133476030,248138975910770,248138975910770,-384342158,248138976388986,248138976804975,248138976936642,248138977000027,248163707876716,248138976370079,8318912,13666666,248138977079871,248138977117111,248138977740965,248138978866642,248138980640392,8542,162604,248138980640392,248138979088517,0,248138978866642,
32,133476038,248138984229684,248138984229684,-982106609,248138984615236,248138985036329,248138985166225,248138985229246,248163724514540,248138984597006,8318912,13666666,248138985306902,248138985373256,248138986006121,248138987218413,248138988964923,9896,190990,248138988964923,248138987477267,0,248138987218413,
32,133476046,248138992548595,248138992548595,-837339105,248138993014663,248138993390131,248138993535236,248138993610027,248163741152365,248138992996798,8318913,13666666,248138993684506,248138993752267,248138995338465,248138996836694,248138999899558,10313,222083,248138999899558,248138997143152,0,248138996836694,
32,133476054,248139000867519,248139000867519,-1039183558,248139001220027,248139001686381,248139001963465,248139002072111,248163757790191,248139001139038,8318913,13666666,248139002211069,248139002250861,248139003782788,248139005218777,248139007037111,11615,184844,248139007037111,248139005569871,0,248139005218777,
32,133476062,248139009186430,248139009186430,-224416558,248139009517892,248139009967006,248139010099558,248139010163517,248163774428017,248139009429663,8318913,13666666,248139010247215,248139010353569,248139010965236,248139012207319,248139013946173,8802,189688,248139013946173,248139012463361,0,248139012207319,
32,133476070,248139017505342,248139017505342,-871180146,248139017768569,248139018309923,248139018446954,248139018514611,248163791065843,248139017753256,8318913,13666666,248139018594767,248139018666954,248139019279194,248139020511850,248139022281121,9740,211511,248139022281121,248139020795600,0,248139020511850,
32,133476078,248139025824256,248139025824256,-466229065,248139026550600,248139026937475,248139027072215,248139027154402,248163807703669,248139026535548,8318913,13666666,248139027231433,248139027277006,248139027868465,248139029166850,248139030882944,9010,207968,248139030882944,248139029445392,0,248139029166850,
32,133476086,248139034143170,248139034143170,-562165550,248139034557371,248139034942788,248139035119246,248139035196746,248163824341495,248139034538100,8318913,13666666,248139035303933,248139035343100,248139037323204,248139039660131,248139042498204,20000,423334,248139042498204,248139040196225,0,248139039660131,
32,133476094,248139042462084,248139042462084,-704708012,248139043502163,248139043992215,248139044231486,248139044335444,248163840979320,248139043477475,8318912,13666666,248139044491069,248139044544558,248139046171381,248139047242840,248139048830965,11354,165313,248139048830965,248139047476173,0,248139047242840,
32,133476102,248139050780983,248139050780983,-21027376,248139051182579,248139051664142,248139051827267,248139051892215,248163857617144,248139051160913,8318912,13666666,248139052079246,248139052144246,248139052753933,248139054042371,248139055811798,9010,214688,248139055811798,248139054326590,0,248139054042371,
32,133476110,248139059099895,248139059099895,-963495703,248139059610079,248139060207996,248139060319871,248139060377683,248163874254967,248139059593413,8318911,13666666,248139060452058,248139060577840,248139061256017,248139062400236,248139064152475,8698,198281,248139064152475,248139062660079,0,248139062400236,
32,133476118,248139067418795,248139067418795,-402228765,248139067811538,248139068300496,248139068428725,248139068487319,248163890892789,248139067794558,8318911,13666666,248139068561538,248139068819715,248139069424506,248139070589298,248139072352319,8750,182448,248139072352319,248139070839506,0,248139070589298,
32,133476126,248139075737706,248139075737706,-417018995,248139076101277,248139076559038,248139076730965,248139076790808,248163907530611,248139076083881,8318911,13666666,248139076873048,248139076917788,248139077590027,248139078873204,248139080605079,10208,212968,248139080605079,248139079155808,0,248139078873204,
32,133476134,248139084056617,248139084056617,-65758338,248139084670861,248139085099871,248139085223986,248139085282319,248163924168433,248139084652631,8318911,13666666,248139085364402,248139085418152,248139086098777,248139087233465,248139088834194,7865,148542,248139088834194,248139087435600,0,248139087233465,
32,133476142,248139092375532,248139092375532,-733152401,248139092596902,248139092920600,248139093032996,248139093078829,248163940806255,248139092580340,8318911,13666666,248139093146694,248139093212006,248139093735340,248139094686642,248139096265600,6927,159531,248139096265600,248139094899038,0,248139094686642,
32,133476150,248139100694446,248139100694446,-779402561,248139100863465,248139101106902,248139101187475,248139101219975,248163957444077,248139100851173,8318911,13666666,248139101267475,248139101288569,248139101681433,248139102381538,248139103900027,5312,107188,248139103900027,248139102526017,0,248139102381538,
32,133476158,248139109013357,248139109013357,-936856264,248139109454194,248139109928725,248139110096538,248139110158881,248163974081898,248139109435183,8318910,13666666,248139110240913,248139110334819,248139110940079,248139112203204,248139113799871,9635,206719,248139113799871,248139112477111,0,248139112203204,
32,133476166,248139117332248,248139117332248,-323120813,248139117611902,248139118037736,248139118166069,248139118224454,248163990719717,248139117594454,8318909,13666666,248139118301954,248139118340236,248139118968256,248139120295444,248139121889038,8697,200677,248139121889038,248139120562944,0,248139120295444,
32,133476174,248139125651143,248139125651143,-423886544,248139126040444,248139126524246,248139126660548,248139126726277,248164007357538,248139126018829,8318912,13666666,248139126811694,248139126872006,248139127481173,248139128723569,248139130679819,8698,205937,248139130679819,248139129002735,0,248139128723569,
32,133476182,248139133970098,248139133970098,-246247518,248139134269350,248139134697371,248139134828517,248139134890027,248164023995362,248139134249663,8318912,13666666,248139134966381,248139135005860,248139135606485,248139136860496,248139138483725,8333,200364,248139138483725,248139137128673,0,248139136860496,
32,133476190,248139142289014,248139142289014,-864115159,248139143080340,248139143451590,248139143577163,248139143631590,248164040633186,248139143062527,8318912,13666666,248139143703517,248139143742735,248139144530235,248139145771642,248139147371121,9479,200990,248139147371121,248139146040131,0,248139145771642,
32,133476198,248139150607928,248139150607928,-611796075,248139151176121,248139151621017,248139151756381,248139151820652,248164057271010,248139151155183,8318912,13666666,248139151903465,248139151968204,248139152624610,248139153846694,248139155600340,9323,185729,248139155600340,248139154103048,0,248139153846694,
32,133476206,248139158926840,248139158926840,-424743031,248139159581121,248139160067631,248139160232579,248139160291954,248164073908835,248139159563621,8318913,13666666,248139160365027,248139160378308,248139161002579,248139162237631,248139163923621,9167,206563,248139163923621,248139162514402,0,248139162237631,
32,133476214,248139167245769,248139167245769,-231079529,248139167795340,248139168338673,248139168469923,248139168533725,248164090546661,248139167775235,8318913,13666666,248139168612423,248139168674610,248139169274715,248139170505131,248139172371381,9271,205885,248139172371381,248139170781225,0,248139170505131,
32,133476222,248139175564683,248139175564683,-873228350,248139175834090,248139176344298,248139176481798,248139176549975,248164107184487,248139175817683,8318913,13666666,248139176634454,248139176688673,248139177301902,248139178557163,248139180248204,8907,196562,248139180248204,248139178823569,0,248139178557163,
32,133476230,248139183883597,248139183883597,-976115705,248139184591121,248139185018256,248139185182006,248139185244871,248164123822312,248139184572110,8318912,13666666,248139185324402,248139185384506,248139186057267,248139187313829,248139189017163,10157,198958,248139189017163,248139187576121,0,248139187313829,
32,133476238,248139192202491,248139192202491,-358650794,248139192615860,248139193065235,248139193205079,248139193270652,248164140460137,248139192592996,8318913,13666666,248139193357840,248139193446954,248139194109767,248139195429506,248139197145288,9636,284166,248139197145288,248139195785548,0,248139195429506,
32,133476246,248139200521420,248139200521420,-994477750,248139200971746,248139201448517,248139201585652,248139201655027,248164157097964,248139200951538,8318914,13666666,248139201741173,248139201812527,248139202451069,248139203818621,248139205514350,9219,231198,248139205514350,248139204117058,0,248139203818621,
32,133476254,248139208840345,248139208840345,-881404183,248139209154506,248139209665808,248139209790079,248139209852996,248164173735792,248139209136485,8318914,13666666,248139209934558,248139209943673,248139210571381,248139211768048,248139213478100,7187,188490,248139213478100,248139212048517,0,248139211768048,
32,133476262,248139217159262,248139217159262,-487865118,248139217658204,248139218164923,248139218309506,248139218377006,248164190373620,248139217637944,8318914,13666666,248139218462788,248139218561746,248139219196538,248139220496485,248139222180340,10260,197239,248139222180340,248139220764194,0,248139220496485,
32,133476270,248139225478176,248139225478176,-507858163,248139225685027,248139225973881,248139226069715,248139226112579,248164207011448,248139225673360,8318914,13666666,248139226170965,248139226201277,248139226690704,248139227624558,248139229319142,6615,152709,248139229319142,248139227830079,0,248139227624558,
32,133476278,248139233797090,248139233797090,-1035360878,248139234078517,248139234463517,248139234615756,248139234672319,248164223649275,248139234062892,8318913,13666666,248139234747058,248139234806121,248139235423881,248139236699610,248139238481225,9584,214792,248139238481225,248139236984246,0,248139236699610,
32,133476286,248139242115985,248139242115985,-4618411,248139242400235,248139242772110,248139242895860,248139242949090,248164240287101,248139242384715,8318913,13666666,248139243019871,248139243059558,248139243653829,248139244963360,248139246720392,9375,193542,248139246720392,248139245220183,0,248139244963360,
32,133476294,248139250434899,248139250434899,-334713793,248139250782683,248139251148985,248139251268360,248139251322006,248164256924926,248139250766121,8318912,13666666,248139251394402,248139251435444,248139252071902,248139253323777,248139255066485,8646,194687,248139255066485,248139253587683,0,248139253323777,
32,133476302,248139258753793,248139258753793,-337535264,248139259025860,248139259356173,248139259518621,248139259616433,248164273562750,248139259010913,8318912,13666666,248139259688465,248139259755704,248139260415704,248139261640027,248139263402892,9063,190573,248139263402892,248139261898517,0,248139261640027,
32,133476310,248139267072702,248139267072702,-287421365,248139267347840,248139268101746,248139268284767,248139268351017,248164290200573,248139267332788,8318911,13666666,248139268436433,248139268480183,248139269086954,248139270322579,248139272138933,9531,196094,248139272138933,248139270586381,0,248139270322579,
32,133476318,248139275391602,248139275391602,-642499993,248139275658100,248139276314350,248139276461329,248139276526746,248164306838394,248139275642735,8318910,13666666,248139276607006,248139276621329,248139277247527,248139278504038,248139280278569,9375,200052,248139280278569,248139278771538,0,248139278504038,
32,133476326,248139283710504,248139283710504,-189845321,248139284555340,248139285000288,248139285282892,248139285348360,248164323476214,248139284535600,8318910,13666666,248139285432319,248139285508413,248139286140704,248139287361954,248139289117058,10729,201407,248139289117058,248139287633308,0,248139287361954,
32,133476334,248139292029420,248139292029420,-118886875,248139292559038,248139293044038,248139293202006,248139293268621,248164340114034,248139292538881,8318910,13666666,248139293354142,248139293421069,248139294124350,248139295439454,248139297162631,10313,207760,248139297162631,248139295718100,0,248139295439454,
32,133476342,248139300348329,248139300348329,-212558384,248139300653777,248139301099454,248139301245652,248139301314038,248164356751855,248139300634038,8318911,13666666,248139301435704,248139301471225,248139302193829,248139303489610,248139305248881,10625,195625,248139305248881,248139303754975,0,248139303489610,
32,133476350,248139308667255,248139308667255,-678897419,248139310067840,248139310563465,248139310715652,248139310786902,248164373389677,248139310043048,8318911,13666666,248139310885444,248139310939246,248139311701485,248139313073933,248139314850079,10261,195625,248139314850079,248139313338673,0,248139313073933,
32,133476358,248139316986164,248139316986164,-453451533,248139317537527,248139317949663,248139318085652,248139318151850,248164390027499,248139317517735,8318911,13666666,248139318238308,248139318296902,248139318927215,248139320232996,248139321946121,8490,203281,248139321946121,248139320507892,7306934700536131427,248139320232996,
32,133476366,248139325305078,248139325305078,-908192100,248139325605288,248139326000548,248139326133465,248139326197579,248164406665320,248139325587163,8318910,13666666,248139326281902,248139326322944,248139326978413,248139328373152,248139330113725,9010,205156,248139330113725,248139328648673,8318823021040067423,248139328373152,
32,133476374,248139333623972,248139333623972,-702405114,248139333937683,248139334367058,248139334496433,248139334555756,248164423303140,248139333920444,8318910,13666666,248139334633465,248139334672579,248139335315392,248139336715392,248139338407996,8593,209271,248139338407996,248139336993256,6874028453762003572,248139336715392,
32,133476382,248139341942881,248139341942881,-291884517,248139342214142,248139342583673,248139342727996,248139342784715,248164439940961,248139342197371,8318911,13666666,248139342858204,248139342900392,248139343532475,248139344904350,248139346651798,8594,201980,248139346651798,248139345175860,7956012745154194530,248139344904350,
32,133476390,248139350261810,248139350261810,-1047913910,248139350852944,248139351261329,248139351402631,248139351470131,248164456578782,248139350833777,8318910,13666666,248139351554975,248139351624558,248139352326902,248139353599402,248139355684350,10521,209896,248139355684350,248139353881069,7307502065682249069,248139353599402,
32,133476398,248139358580707,248139358580707,-679558645,248139359372006,248139359746277,248139359890860,248139359978360,248164473216603,248139359355808,8318911,13666666,248139360085287,248139360167371,248139360814454,248139362066381,248139363828673,9740,203177,248139363828673,248139362341537,8169381708511007304,248139362066381,
32,133476406,248139366899633,248139366899633,-1043616720,248139367327371,248139367774558,248139367909037,248139367973048,248164489854425,248139367308256,8318911,13666666,248139368083725,248139368147787,248139368753204,248139370011590,248139371770340,8646,274427,248139371770340,248139370371694,8097283393133169494,248139370011590,
32,133476414,248139375218542,248139375218542,-736402472,248139375847110,248139376589350,248139376757944,248139376825183,248164506492247,248139375822735,8318911,13666666,248139376908725,248139377385235,248139378037110,248139379308256,248139381074610,9114,209480,248139381074610,248139379587110,5431142508371378177,248139379308256,
32,133476422,248139383537453,248139383537453,-448785460,248139383882840,248139384378204,248139384511017,248139384571173,248164523130070,248139383865704,8318912,13666666,248139384647579,248139384702527,248139385328933,248139386512944,248139388314402,8802,230209,248139388314402,248139386805235,8589934592,248139386512944,
32,133476430,248139391856379,248139391856379,-375345525,248139392275548,248139392635235,248139392752110,248139392802631,248164539767895,248139392260183,8318913,13666666,248139392875548,248139392913152,248139393502058,248139394618517,248139396389246,8386,196458,248139396389246,248139394879819,0,248139394618517,
32,133476438,248139400175305,248139400175305,-991536434,248139400447996,248139400850392,248139401007944,248139401064923,248164556405720,248139400430756,8318912,13666666,248139401144350,248139401205704,248139401846902,248139403127423,248139404818360,9532,202084,248139404818360,248139403395756,0,248139403127423,
32,133476446,248139408494207,248139408494207,-658919403,248139408912787,248139409300444,248139409427735,248139409482267,248164573043544,248139408897267,8318912,13666666,248139409554194,248139409607631,248139410240392,248139411522267,248139413317527,8958,197761,248139413317527,248139411789194,0,248139411522267,
32,133476454,248139416813116,248139416813116,-168278396,248139417255287,248139417684037,248139417827527,248139417895079,248164589681367,248139417234194,8318911,13666666,248139417979871,248139418044194,248139418690704,248139419921225,248139421689923,9479,230833,248139421689923,248139420220392,0,248139419921225,
32,133476462,248139425132013,248139425132013,-774037620,248139425512944,248139425977735,248139426117110,248139426183933,248164606319188,248139425492475,8318910,13666666,248139426270131,248139426361121,248139427018152,248139428335704,248139430192735,9166,186667,248139430192735,248139428592944,0,248139428335704,
32,133476470,248139433450912,248139433450912,-210843607,248139433792110,248139434151590,248139434268204,248139434324767,248164622957008,248139433775340,8318910,13666666,248139434398360,248139434459715,248139435022944,248139436071017,248139437798412,7604,135834,248139437798412,248139436257683,0,248139436071017,
32,133476478,248139441769824,248139441769824,-689169883,248139442019194,248139442490287,248139442631850,248139442690860,248164639594828,248139442003985,8318910,13666666,248139442765912,248139442815183,248139443440235,248139444636069,248139446446225,8229,196354,248139446446225,248139444895652,0,248139444636069,
32,133476854,248139848411829,248139848411829,-261143372,248139848703933,248139848704610,248139848790600,248139849036329,248164656215797,248139848694923,8302059,13666666,248139849340704,248139849397787,248139850852683,248139853468569,248139868449662,31511,370365,248139868449662,248139853974766,0,248139853468569,
32,133476861,248139856713888,248139856713888,0,248139857130339,248139857130964,248139857260444,248139857339246,248164672819915,248139857117839,8302059,13666666,248139857482162,248139857585964,248139858328256,248139859619871,248139869852058,6406,8860573,248139869852058,248139868553360,0,248139859619871,
32,133476869,248139865015947,248139865015947,0,248139865457735,248139865458516,248139865611069,248139865685339,248164689422888,248139865443673,8300914,13666666,248139865910287,248139868658569,248139869440704,248139870912475,248139872161850,8959,229635,248139872161850,248139871202944,0,248139870912475,
32,133476877,248139873258579,248139873258579,0,248139873570964,248139873571589,248139873711225,248139873814923,248164706024716,248139873553464,8300914,13666666,248139873932891,248139873958308,248139874447579,248139875461746,248139882211016,5990,135417,248139882211016,248139875636225,0,248139875461746,
32,133476885,248139881559493,248139881559493,0,248139882057631,248139882062996,248139882205079,248139882274141,248164722626544,248139882036798,8300914,13666666,248139882414923,248139882435860,248139883006069,248139884240756,248139890660808,8281,145468,248139890660808,248139884440339,0,248139884240756,
32,133476893,248139889732680,248139889732680,0,248139890096485,248139890097110,248139890241277,248139890366225,248164739226080,248139890082423,8298622,13666666,248139890511641,248139890652735,248139891158100,248139892227006,248139898538100,6406,123490,248139898538100,248139892428569,0,248139892227006,
32,133476901,248139897993501,248139897993501,0,248139898350808,248139898351381,248139898472996,248139898532058,248164755822137,248139898337527,8297435,13666666,248139898629923,248139898665079,248139899134819,248139900056850,248139906857423,5573,138438,248139906857423,248139900232891,0,248139900056850,
32,133476909,248139906278154,248139906278154,0,248139906453673,248139906454298,248139906532006,248139906577527,248164772416791,248139906445391,8297219,13666666,248139906657006,248139906679089,248139907000496,248139907782735,248139915277579,3646,127292,248139915277579,248139907940391,0,248139907782735,
32,133476917,248139914572726,248139914572726,0,248139914711798,248139914712214,248139914788152,248139914827735,248164789011106,248139914703308,8297096,13666666,248139914902058,248139914928464,248139915302110,248139915917006,248139923944454,4740,87969,248139923944454,248139916031694,0,248139915917006,
32,133476925,248139922872451,248139922872451,0,248139923462475,248139923463412,248139923752891,248139923940704,248164805605298,248139923441485,8297096,13666666,248139924113516,248139924126746,248139924734037,248139926010912,248139931991277,9063,171875,248139931991277,248139926247371,0,248139926010912,
32,133476933,248139931175159,248139931175159,0,248139931642319,248139931643204,248139931810756,248139931888204,248164822199424,248139931622475,8297030,13666666,248139932053152,248139932133464,248139932743048,248139934089141,248139940647110,9062,187812,248139940647110,248139934345131,0,248139934089141,
32,133476941,248139939479896,248139939479896,0,248139939926433,248139939927319,248139940127839,248139940211016,248164838793461,248139939907735,8297007,13666666,248139940352891,248139940368985,248139940957214,248139942261798,248139948656121,8698,181250,248139948656121,248139942508152,0,248139942261798,
32,133476949,248139947786027,248139947786027,0,248139948436433,248139948437110,248139948749454,248139948836381,248164855387486,248139948421329,8297018,13666666,248139948977996,248139949106485,248139949674141,248139950943100,248139957622162,8542,185313,248139957622162,248139951192787,0,248139950943100,
32,133476957,248139956093277,248139956093277,0,248139956636589,248139956637527,248139956841589,248139956919871,248164871981566,248139956614558,8297062,13666666,248139957093933,248139957109871,248139957794819,248139959072006,248139965569766,8802,178125,248139965569766,248139959319819,0,248139959072006,
32,133476965,248139964401558,248139964401558,0,248139965390183,248139965391016,248139965571277,248139965647527,248164888575771,248139965369871,8297143,13666666,248139965785860,248139965802631,248139966378152,248139967672735,248139974203516,8854,183593,248139974203516,248139967921381,0,248139967672735,
32,133476973,248139972710758,248139972710758,0,248139973295496,248139973296329,248139973495444,248139973620548,248164905170180,248139973273777,8297266,13666666,248139973766589,248139973784298,248139974441329,248139975787006,248139982294037,10104,454375,248139982294037,248139976322996,0,248139975787006,
32,133476981,248139981021111,248139981021111,0,248139981364037,248139981367996,248139981555600,248139981655287,248164921764895,248139981327006,8297449,13666666,248139981913412,248139981950652,248139982665339,248139983940444,248139991126069,8855,218385,248139991126069,248139984218412,0,248139983940444,
32,133476989,248139989332909,248139989332909,0,248139990148308,248139990149141,248139990396121,248139990489610,248164938360063,248139990127996,8297719,13666666,248139990711016,248139990755287,248139991491433,248139992735287,248139998632527,9218,171979,248139998632527,248139992970912,0,248139992735287,
32,133476997,248139997646967,248139997646967,0,248139997997891,248139997998621,248139998164350,248139998232162,248164954955917,248139997980964,8298135,13666666,248139998353204,248139998363777,248139998878204,248139999985808,248140007030704,8072,123646,248140007030704,248140000217683,0,248139999985808,
32,133477005,248140005965064,248140005965064,0,248140006249818,248140006251329,248140006374506,248140006434402,248140019631730,248140006233985,8300152,13666666,248140006541173,248140006559402,248140007040808,248140008064818,248140015238308,6927,156042,248140015238308,248140008282110,0,248140008064818,
32,133477013,248140014292338,248140014292338,0,248140014589089,248140014589871,248140014732943,248140014806277,248140027959004,248140014572527,8300152,13666666,248140014927683,248140014937423,248140015482006,248140016661746,248138622450027,7813,144010,248138622450027,248140016858360,0,248140016661746,
---PROFILEDATA---


View hierarchy:

  com.chasel.ng2/com.chasel.ng2.MainActivity/android.view.ViewRootImpl@af1cfa5
  436 views, 916.13 kB of render nodes


  Dynamic VRI BBQ Log.  render_draw: false  hdr_dimmer: false  blur_blend: false  hwui_window_decor: false  sync_barrier: false

Total ViewRootImpl   : 1
Total attached Views : 436
Total RenderNode     : 916.13 kB (used) / 2705.64 kB (capacity)

