Applications Graphics Acceleration Info:
Uptime: 249134273 Realtime: 687328776

** Graphics info for pid 10128 [com.chasel.ng2] **

Stats since: 249102585933462ns
Total frames rendered: 3334
Janky frames: 14 (0.42%)
Janky frames (legacy): 136 (4.08%)
50th percentile: 6ms
90th percentile: 10ms
95th percentile: 11ms
99th percentile: 17ms
Number Missed Vsync: 0
Number High input latency: 6562
Number Slow UI thread: 13
Number Slow bitmap uploads: 1
Number Slow issue draw commands: 14
Number Frame deadline missed: 14
Number Frame deadline missed (legacy): 14
HISTOGRAM: 5ms=486 6ms=1226 7ms=880 8ms=308 9ms=86 10ms=88 11ms=100 12ms=64 13ms=18 14ms=18 15ms=16 16ms=8 17ms=6 18ms=2 19ms=0 20ms=4 21ms=8 22ms=2 23ms=4 24ms=4 25ms=0 26ms=0 27ms=2 28ms=2 29ms=0 30ms=0 31ms=0 32ms=0 34ms=0 36ms=0 38ms=0 40ms=0 42ms=0 44ms=0 46ms=0 48ms=0 53ms=2 57ms=0 61ms=0 65ms=0 69ms=0 73ms=0 77ms=0 81ms=0 85ms=0 89ms=0 93ms=0 97ms=0 101ms=0 105ms=0 109ms=0 113ms=0 117ms=0 121ms=0 125ms=0 129ms=0 133ms=0 150ms=0 200ms=0 250ms=0 300ms=0 350ms=0 400ms=0 450ms=0 500ms=0 550ms=0 600ms=0 650ms=0 700ms=0 750ms=0 800ms=0 850ms=0 900ms=0 950ms=0 1000ms=0 1050ms=0 1100ms=0 1150ms=0 1200ms=0 1250ms=0 1300ms=0 1350ms=0 1400ms=0 1450ms=0 1500ms=0 1550ms=0 1600ms=0 1650ms=0 1700ms=0 1750ms=0 1800ms=0 1850ms=0 1900ms=0 1950ms=0 2000ms=0 2050ms=0 2100ms=0 2150ms=0 2200ms=0 2250ms=0 2300ms=0 2350ms=0 2400ms=0 2450ms=0 2500ms=0 2550ms=0 2600ms=0 2650ms=0 2700ms=0 2750ms=0 2800ms=0 2850ms=0 2900ms=0 2950ms=0 3000ms=0 3050ms=0 3100ms=0 3150ms=0 3200ms=0 3250ms=0 3300ms=0 3350ms=0 3400ms=0 3450ms=0 3500ms=0 3550ms=0 3600ms=0 3650ms=0 3700ms=0 3750ms=0 3800ms=0 3850ms=0 3900ms=0 3950ms=0 4000ms=0 4050ms=0 4100ms=0 4150ms=0 4200ms=0 4250ms=0 4300ms=0 4350ms=0 4400ms=0 4450ms=0 4500ms=0 4550ms=0 4600ms=0 4650ms=0 4700ms=0 4750ms=0 4800ms=0 4850ms=0 4900ms=0 4950ms=0
50th gpu percentile: 3ms
90th gpu percentile: 4ms
95th gpu percentile: 5ms
99th gpu percentile: 8ms
GPU HISTOGRAM: 1ms=0 2ms=1262 3ms=1618 4ms=176 5ms=114 6ms=88 7ms=30 8ms=14 9ms=4 10ms=0 11ms=2 12ms=6 13ms=8 14ms=10 15ms=0 16ms=0 17ms=2 18ms=0 19ms=0 20ms=0 21ms=0 22ms=0 23ms=0 24ms=0 25ms=0 4950ms=0

Pipeline=Skia (Vulkan)
Memory policy:
  Max surface area: 3240320
  Max resource usage: 466.61MB (x48)
  Background retention: 50% (altUiHidden = true)
  GPU Context timeout: 10
Contexts: 1 (stopped = 0)
CPU Caches:
  Glyph Cache: 8.63 MB (1 entry)
  Glyph Count: 115 
Total CPU memory usage:
  9046736 bytes, 8.63 MB (0.00 bytes is purgeable)
GPU Caches:
  SW Path Mask:
    Surface: 149.31 KB (1 entry)
  Other:
    Other: 4.00 MB (1 entry)
    Buffer Object: 464.00 bytes (2 entries)
    GrVkImage: 256.00 KB (1 entry)
  Image:
    Surface: 6.66 MB (15 entries)
  Scratch:
    GrVkTextureRenderTarget: 49.51 MB (5 entries)
    Surface: 2.00 MB (2 entries)
    GrVkImage: 256.00 KB (24 entries)
    Buffer Object: 785.00 KB (22 entries)
Total GPU memory usage:
  66670144 bytes, 63.58 MB (4.09 MB is purgeable)
Detail dimensions: 
Buffer Object:				49152		{0x0}	1
GrVkImage:				0		{2048x1024}	1
GrVkImage:				0		{104x104}	6
Buffer Object:				384		{0x0}	8
Buffer Object:				30720		{0x0}	1
Surface:				2097152		{2048x1024}	1
GrVkImage:				262144		{256x256}	2
GrVkImage:				0		{256x256}	1
Surface:				512		{512x1}	1
GrVkImage:				0		{65x65}	1
GrVkImage:				0		{512x1}	1
Surface:				75076		{137x137}	4
GrVkImage:				0		{1220x2656}	4
GrVkTextureRenderTarget:				12961280		{1220x2656}	4
Buffer Object:				32768		{0x0}	6
Surface:				3121200		{300x2601}	2
GrVkImage:				0		{1116x137}	1
GrVkImage:				0		{180x116}	2
GrVkImage:				0		{137x137}	4
Surface:				83520		{180x116}	2
GrVkImage:				0		{300x2601}	2
GrVkTextureRenderTarget:				65536		{256x256}	1
Buffer Object:				272		{0x0}	1
Buffer Object:				192		{0x0}	1
Surface:				43264		{104x104}	6
Surface:				16900		{65x65}	1
Surface:				152892		{1116x137}	1
Buffer Object:				65536		{0x0}	3
Buffer Object:				131072		{0x0}	1
Buffer Object:				98304		{0x0}	2

GraphicBufferAllocator buffers:
            Handle |         Size |     W (Stride) x H | Layers |   Format |      Usage | Requestor
0xb400007badce86a0 | 13280.00 KiB | 1220 (1280) x 2656 |      1 |        1 | 0x10000b00 | VRI[MainActivity]#6(BLAST Consumer)6
0xb400007badd08780 | 13280.00 KiB | 1220 (1280) x 2656 |      1 |        1 | 0x10000b00 | VRI[MainActivity]#6(BLAST Consumer)6
0xb400007badd088e0 | 13280.00 KiB | 1220 (1280) x 2656 |      1 |        1 | 0x10000b00 | VRI[MainActivity]#6(BLAST Consumer)6
0xb400007badd08c50 | 13280.00 KiB | 1220 (1280) x 2656 |      1 |        1 | 0x10000b00 | VRI[MainActivity]#6(BLAST Consumer)6
Total allocated by GraphicBufferAllocator (estimate): 53120.00 KB
Imported gralloc buffers:
+ name:VRI[MainActivity]#6(BLAST Consumer)6, id:256304, size:13364.00KiB, w/h:1220x2656, usage: 0x10000b00, req fmt:1, fourcc/mod:0/0, dataspace: 0x8810000, compressed: true
+ name:VRI[MainActivity]#6(BLAST Consumer)6, id:256303, size:13364.00KiB, w/h:1220x2656, usage: 0x10000b00, req fmt:1, fourcc/mod:0/0, dataspace: 0x8810000, compressed: true
+ name:VRI[MainActivity]#6(BLAST Consumer)6, id:256302, size:13364.00KiB, w/h:1220x2656, usage: 0x10000b00, req fmt:1, fourcc/mod:0/0, dataspace: 0x8810000, compressed: true
+ name:VRI[MainActivity]#6(BLAST Consumer)6, id:256301, size:13364.00KiB, w/h:1220x2656, usage: 0x10000b00, req fmt:1, fourcc/mod:0/0, dataspace: 0x8810000, compressed: true
Total imported by gralloc: 53456.00KiB

Profile data in ms:

	com.chasel.ng2/com.chasel.ng2.MainActivity/android.view.ViewRootImpl@a887347 (visibility=0)
Window: com.chasel.ng2/com.chasel.ng2.MainActivity
Stats since: 249102585933358ns
Total frames rendered: 3334
Janky frames: 14 (0.42%)
Janky frames (legacy): 136 (4.08%)
50th percentile: 6ms
90th percentile: 10ms
95th percentile: 11ms
99th percentile: 17ms
Number Missed Vsync: 0
Number High input latency: 6562
Number Slow UI thread: 13
Number Slow bitmap uploads: 1
Number Slow issue draw commands: 14
Number Frame deadline missed: 14
Number Frame deadline missed (legacy): 14
HISTOGRAM: 5ms=486 6ms=1226 7ms=880 8ms=308 9ms=86 10ms=88 11ms=100 12ms=64 13ms=18 14ms=18 15ms=16 16ms=8 17ms=6 18ms=2 19ms=0 20ms=4 21ms=8 22ms=2 23ms=4 24ms=4 25ms=0 26ms=0 27ms=2 28ms=2 29ms=0 30ms=0 31ms=0 32ms=0 34ms=0 36ms=0 38ms=0 40ms=0 42ms=0 44ms=0 46ms=0 48ms=0 53ms=2 57ms=0 61ms=0 65ms=0 69ms=0 73ms=0 77ms=0 81ms=0 85ms=0 89ms=0 93ms=0 97ms=0 101ms=0 105ms=0 109ms=0 113ms=0 117ms=0 121ms=0 125ms=0 129ms=0 133ms=0 150ms=0 200ms=0 250ms=0 300ms=0 350ms=0 400ms=0 450ms=0 500ms=0 550ms=0 600ms=0 650ms=0 700ms=0 750ms=0 800ms=0 850ms=0 900ms=0 950ms=0 1000ms=0 1050ms=0 1100ms=0 1150ms=0 1200ms=0 1250ms=0 1300ms=0 1350ms=0 1400ms=0 1450ms=0 1500ms=0 1550ms=0 1600ms=0 1650ms=0 1700ms=0 1750ms=0 1800ms=0 1850ms=0 1900ms=0 1950ms=0 2000ms=0 2050ms=0 2100ms=0 2150ms=0 2200ms=0 2250ms=0 2300ms=0 2350ms=0 2400ms=0 2450ms=0 2500ms=0 2550ms=0 2600ms=0 2650ms=0 2700ms=0 2750ms=0 2800ms=0 2850ms=0 2900ms=0 2950ms=0 3000ms=0 3050ms=0 3100ms=0 3150ms=0 3200ms=0 3250ms=0 3300ms=0 3350ms=0 3400ms=0 3450ms=0 3500ms=0 3550ms=0 3600ms=0 3650ms=0 3700ms=0 3750ms=0 3800ms=0 3850ms=0 3900ms=0 3950ms=0 4000ms=0 4050ms=0 4100ms=0 4150ms=0 4200ms=0 4250ms=0 4300ms=0 4350ms=0 4400ms=0 4450ms=0 4500ms=0 4550ms=0 4600ms=0 4650ms=0 4700ms=0 4750ms=0 4800ms=0 4850ms=0 4900ms=0 4950ms=0
50th gpu percentile: 3ms
90th gpu percentile: 4ms
95th gpu percentile: 5ms
99th gpu percentile: 8ms
GPU HISTOGRAM: 1ms=0 2ms=1262 3ms=1618 4ms=176 5ms=114 6ms=88 7ms=30 8ms=14 9ms=4 10ms=0 11ms=2 12ms=6 13ms=8 14ms=10 15ms=0 16ms=0 17ms=2 18ms=0 19ms=0 20ms=0 21ms=0 22ms=0 23ms=0 24ms=0 25ms=0 4950ms=0


RenderLite trim renderNode error: 0

---PROFILEDATA---
Flags,FrameTimelineVsyncId,IntendedVsync,Vsync,InputEventId,HandleInputStart,AnimationStart,PerformTraversalsStart,DrawStart,FrameDeadline,FrameStartTime,FrameInterval,WorkloadTarget,SyncQueued,SyncStart,IssueDrawCommandsStart,SwapBuffers,FrameCompleted,DequeueBufferDuration,QueueBufferDuration,GpuCompleted,SwapBuffersCompleted,DisplayPresentTime,CommandSubmissionCompleted,
32,133790232,249130864891350,249130864891350,0,249130865519649,249130865521368,249130867434336,249130867545586,249131863464012,249130865477201,8318913,13666666,249130867593920,249130867658607,249130868358763,249130870574805,249130873408034,10781,222031,249130873408034,249130870875170,0,249130870574805,
32,133790240,249130873210267,249130873210267,0,249130873775170,249130873776055,249130875847253,249130875948555,249131880101838,249130873748086,8318913,13666666,249130875994284,249130876032774,249130876613607,249130878748243,249130880725482,7396,178385,249130880725482,249130878991472,0,249130878748243,
32,133790256,249130889848078,249130889848078,0,249130890145378,249130890145743,249130893701993,249130893841263,249131896739663,249130890121993,8318912,13666666,249130894036576,249130894073295,249130894580638,249130895990586,249130897785951,8020,147760,249130897785951,249130896264649,0,249130895990586,
32,133791233,249132018821859,249132018821859,-132564668,249132019067513,249132023713346,249132023809440,249132023933398,249132090606221,249132019053034,8302528,13666666,249132023985690,249132024112773,249132025566836,249132066122721,249132074199440,25937,197865,249132074199440,249132066378503,0,249132066122721,
32,133791247,249132035426915,249132035426915,-747203784,249132035978503,249132037810638,249132037854180,249132037910794,249132107211277,249132035963242,8302528,13666666,249132037934544,249132066396367,249132066807930,249132067748971,249132074812721,2969,6479427,249132074812721,249132074246992,0,249132067748971,
32,133791254,249132043729443,249132060334499,-795263746,249132067199336,249132069872617,249132069976055,249132070072409,249132123816333,249132067175013,8302528,13666666,249132070112982,249132074255690,249132074503190,249132075340482,249132076497669,1979,64948,249132076497669,249132075418086,0,249132075340482,
32,133791262,249132076939555,249132076939555,-797413009,249132077302617,249132079720690,249132079788138,249132079855794,249132140421389,249132077283763,8302528,13666666,249132079886992,249132079912721,249132080235742,249132082846784,249132090304648,1317031,156927,249132090304648,249132083035117,0,249132082846784,
32,133791270,249132085029663,249132085029663,-456381103,249132085759700,249132088236888,249132088321315,249132088404388,249132157024996,249132085718346,8301079,13666666,249132088438763,249132088475013,249132088977930,249132090797721,249132098507669,9479,179636,249132098507669,249132091035013,0,249132090797721,
32,133791278,249132093330742,249132093330742,-695538316,249132093645378,249132095527617,249132095586055,249132095651940,249132173604039,249132093616055,8277964,13666666,249132095681732,249132095721367,249132096138659,249132097787825,249132108910378,5261,760730,249132108910378,249132098613190,0,249132097787825,
32,133791286,249132106440576,249132106440576,-487402644,249132106828815,249132109772825,249132109879805,249132109984596,249132190157623,249132106808086,8275620,13666666,249132110036523,249132110116263,249132111027721,249132115247773,249132117239648,15260,352500,249132117239648,249132115703398,0,249132115247773,
32,133791294,249132114412045,249132114412045,-284163825,249132114958294,249132117598450,249132117683034,249132117763607,249132206708863,249132114937825,8275620,13666666,249132117800690,249132117872148,249132118694648,249132121326836,249132126037148,11145,137240,249132126037148,249132121503034,0,249132121326836,
32,133791302,249132122661751,249132122661751,-319098990,249132122919075,249132124645950,249132124756784,249132124831940,249132223259541,249132122899961,8275058,13666666,249132124858867,249132124917825,249132125649440,249132128316628,249132133213607,9948,162552,249132133213607,249132128529232,0,249132128316628,
32,133791310,249132130933021,249132130933021,-296871111,249132131159388,249132132902825,249132132992982,249132133053867,249132239809496,249132131139440,8274897,13666666,249132133082148,249132133111836,249132133689075,249132135340325,249132141083034,6458,162709,249132141083034,249132135544180,0,249132135340325,
32,133791318,249132139207918,249132139207918,-235508178,249132139417669,249132140951419,249132141001003,249132141052409,249132256359290,249132139399596,8274897,13666666,249132141075065,249132141120846,249132141752253,249132143639023,249132151201836,10469,201093,249132151201836,249132143897930,0,249132143639023,
32,133791326,249132147482815,249132147482815,-655505240,249132148032409,249132150009492,249132150074492,249132150140898,249132272909084,249132147992982,8274897,13666666,249132150169544,249132150197982,249132150889128,249132153170482,249132159847096,8906,170833,249132159847096,249132153400638,0,249132153170482,
32,133791334,249132155778121,249132155778121,-604756998,249132156154180,249132158099128,249132158160325,249132158237617,249132289458641,249132156135430,8274660,13666666,249132158265586,249132158307148,249132158989232,249132161963971,249132168644388,7917,187188,249132168644388,249132162278034,0,249132161963971,
32,133791342,249132164067208,249132164067208,-661395232,249132164550430,249132166829440,249132166902617,249132166973190,249132306007860,249132164524023,8274559,13666666,249132167004700,249132167052565,249132167798763,249132170531732,249132176657305,8386,205834,249132176657305,249132170803034,0,249132170531732,
32,133791350,249132172357779,249132172357779,-1073628337,249132172889544,249132175210117,249132175282148,249132175353607,249132322556878,249132172869232,8274459,13666666,249132175391523,249132175438971,249132176288190,249132179013346,249132185157930,11198,178021,249132185157930,249132179252878,0,249132179013346,
32,133791358,249132180649379,249132180649379,-673882078,249132181061836,249132183072930,249132183135169,249132183197044,249132339105691,249132181039648,8274354,13666666,249132183226107,249132183282044,249132183920169,249132185887357,249132192643659,8281,139739,249132192643659,249132186074336,0,249132185887357,
32,133791366,249132188941517,249132188941517,-933549778,249132189370273,249132191097982,249132191153450,249132191220221,249132355654138,249132189351263,8274093,13666666,249132191245325,249132191285742,249132191908503,249132194289648,249132201181836,7448,160625,249132201181836,249132194503398,0,249132194289648,
32,133791374,249132197233954,249132197233954,-138572821,249132197840378,249132199838971,249132199901732,249132199965742,249132372202324,249132197819440,8274093,13666666,249132199995794,249132200074440,249132200748555,249132202969075,249132208522044,7135,168489,249132208522044,249132203192148,0,249132202969075,
32,133791382,249132205526254,249132205526254,-1053297507,249132206573815,249132209592565,249132209711055,249132209822982,249132388750069,249132206530898,8273652,13666666,249132209878138,249132209932200,249132210660846,249132213273815,249132218435482,7552,177813,249132218435482,249132213513971,0,249132213273815,
32,133791398,249132222107169,249132222107169,-931632915,249132222606211,249132225097096,249132225193190,249132225293659,249132405296965,249132222578867,8273244,13666666,249132225335430,249132225369805,249132226218398,249132228853034,249132230501367,14010,324114,249132230501367,249132229287930,0,249132228853034,
32,133791406,249132230393720,249132230393720,-12588689,249132230983555,249132233223502,249132233287773,249132233353346,249132421842843,249132230958242,8272634,13666666,249132233381732,249132233415482,249132233955638,249132235710065,249132237796575,6927,150781,249132237796575,249132235906471,0,249132235710065,
32,133791414,249132238688895,249132238688895,-824172590,249132239100534,249132240769284,249132240812461,249132240854961,249132438388006,249132239086055,8272529,13666666,249132240874961,249132240906159,249132241474336,249132243293086,249132245081836,6980,119687,249132245081836,249132243456055,0,249132243293086,
32,133791422,249132246981263,249132246981263,-295681806,249132247524336,249132249579284,249132249649127,249132249727096,249132454932745,249132247499805,8272210,13666666,249132249758138,249132249782096,249132250310013,249132252120898,249132254201419,6927,126407,249132254201419,249132252292825,0,249132252120898,
32,133791430,249132255253473,249132255253473,-595040814,249132255517357,249132257469336,249132257537513,249132257606992,249132471477165,249132255499127,8272210,13666666,249132257636680,249132257680690,249132258283502,249132260670013,249132262360794,9167,212552,249132262360794,249132260953919,0,249132260670013,
32,133791438,249132264214437,249132264214437,-750393363,249132264497825,249132266410430,249132266469805,249132266531315,249132488068287,249132264477357,8318912,13666666,249132266559805,249132266611992,249132267115534,249132268828971,249132270910482,7344,134687,249132270910482,249132269011107,0,249132268828971,
32,133791446,249132272533336,249132272533336,-561303968,249132272936471,249132276741627,249132276912096,249132277074857,249132504706110,249132272907617,8318911,13666666,249132277154857,249132277207044,249132280721419,249132286483815,249132291074232,40781,143072,249132291074232,249132286674440,0,249132286483815,
32,133791461,249132289171158,249132289171158,-676608839,249132289410117,249132291355794,249132291411680,249132291474336,249132521343932,249132289395950,8318911,13666666,249132291501367,249132291521940,249132292204805,249132293665273,249132295546992,11510,137448,249132295546992,249132293849388,0,249132293665273,
32,133791476,249132297490088,249132297490088,-549812752,249132297763034,249132299469700,249132299520169,249132299573815,249132537981755,249132297746055,8318912,13666666,249132299605742,249132299636732,249132300238190,249132302231002,249132304167669,10834,131510,249132304167669,249132302428346,0,249132302231002,
32,133791491,249132305809000,249132305809000,-248394800,249132306138815,249132308449909,249132308544909,249132308641836,249132554619578,249132306119023,8318911,13666666,249132308687617,249132308723398,249132309284909,249132311176471,249132313764440,7709,149635,249132313764440,249132311380221,0,249132311176471,
32,133791506,249132314127902,249132314127902,-126222099,249132315409232,249132323261107,249132323712409,249132324262357,249132571257400,249132315297148,8318911,13666666,249132324484596,249132324598607,249132325952357,249132327662930,249132330609284,6770,129479,249132330609284,249132327837044,0,249132327662930,
32,133791528,249132330765727,249132330765727,-975449359,249132330952617,249132332359648,249132332397200,249132332439596,249132587895222,249132330940430,8318911,13666666,249132332460586,249132332476159,249132332926680,249132334217877,249132336178659,4792,98958,249132336178659,249132334348711,0,249132334217877,
32,133791536,249132339084634,249132339084634,-783776226,249132339273607,249132340712096,249132340755065,249132340815013,249132604533044,249132339256002,8318911,13666666,249132340837461,249132340862409,249132341341888,249132342780430,249132344788919,6146,110677,249132344788919,249132342923919,0,249132342780430,
32,133791544,249132347403545,249132347403545,-176864394,249132347695690,249132349567982,249132349622930,249132349676732,249132621170866,249132347679961,8318911,13666666,249132349703398,249132349747930,249132350280377,249132351986107,249132354353242,7500,400000,249132354353242,249132352484336,0,249132351986107,
32,133791552,249132355722456,249132355722456,-1054906672,249132355991940,249132358150586,249132358215690,249132358277930,249132637808688,249132355939857,8318911,13666666,249132358307513,249132358339388,249132358950169,249132361615638,249132363824544,8021,248698,249132363824544,249132361945586,0,249132361615638,
32,133791560,249132364041382,249132364041382,-542774308,249132364543555,249132367254752,249132367334857,249132367411940,249132654446511,249132364520013,8318912,13666666,249132367447877,249132367483659,249132368199961,249132370587200,249132372853294,8073,205521,249132372853294,249132370855950,0,249132370587200,
32,133791568,249132372360310,249132372360310,-969944106,249132372894700,249132375525221,249132375607252,249132375701784,249132671084336,249132372870013,8318913,13666666,249132375739180,249132375774388,249132376445221,249132378647148,249132383541211,6354,175469,249132383541211,249132378881627,0,249132378647148,
32,133791576,249132380679226,249132380679226,-40431228,249132381058919,249132382990586,249132383048138,249132383105013,249132687722162,249132381039857,8318913,13666666,249132383133502,249132383169180,249132383728971,249132385846523,249132387875430,6354,166458,249132387875430,249132386072669,0,249132385846523,
32,133791584,249132388998125,249132388998125,-1030543791,249132389273086,249132391022200,249132391076263,249132391132409,249132704359987,249132389256992,8318912,13666666,249132391158502,249132391186575,249132391715482,249132394058398,249132396673398,7292,160260,249132396673398,249132394278711,0,249132394058398,
32,133791592,249132397317053,249132397317053,-1053314057,249132397642721,249132399612565,249132399737721,249132399797617,249132720997812,249132397623711,8318913,13666666,249132399825950,249132399854857,249132400491315,249132402788971,249132405560742,8906,191146,249132405560742,249132403049023,0,249132402788971,
32,133791600,249132405635978,249132405635978,-329866032,249132406000846,249132408208867,249132408277617,249132408347044,249132737635639,249132405977409,8318914,13666666,249132408372461,249132408415377,249132409026263,249132410871523,249132412725534,5260,194114,249132412725534,249132411148919,0,249132410871523,
32,133791608,249132413954880,249132413954880,-623047791,249132414136992,249132415459336,249132415499805,249132415543086,249132754273466,249132414124492,8318913,13666666,249132415562617,249132415591627,249132416056315,249132417340638,249132419435586,4583,103386,249132419435586,249132417477096,0,249132417340638,
32,133791616,249132422273776,249132422273776,-530537528,249132422444284,249132423640065,249132423681940,249132423728190,249132770911291,249132422430742,8318912,13666666,249132423748867,249132423774857,249132424329596,249132426091002,249132428052461,9896,170052,249132428052461,249132426319857,0,249132426091002,
32,133791624,249132430592686,249132430592686,-666833013,249132430797461,249132432546784,249132432610534,249132432674336,249132787549115,249132430778450,8318912,13666666,249132432703971,249132432742773,249132433307773,249132435158190,249132437631419,8230,156458,249132437631419,249132435369544,0,249132435158190,
32,133791632,249132438911598,249132438911598,-584479242,249132439290429,249132441485117,249132441554127,249132441635482,249132804186939,249132439271002,8318912,13666666,249132441666107,249132441700429,249132442331107,249132444846575,249132446848086,8854,207500,249132446848086,249132445126263,0,249132444846575,
32,133791640,249132447230492,249132447230492,-501460893,249132447748294,249132449999388,249132450064909,249132450130482,249132820824762,249132447722617,8318911,13666666,249132450160742,249132450216002,249132450876159,249132452577929,249132455268138,8125,152448,249132455268138,249132452784961,0,249132452577929,
32,133791648,249132455549405,249132455549405,-982878648,249132455952773,249132458480898,249132458560898,249132458641054,249132837462582,249132455926471,8318909,13666666,249132458677565,249132458734648,249132459583659,249132462388867,249132464564804,17448,231198,249132464564804,249132462708450,0,249132462388867,
32,133791656,249132463868289,249132463868289,-743574940,249132464647096,249132467651732,249132467739336,249132467863763,249132854100400,249132464616315,8318909,13666666,249132467906575,249132467998919,249132469032044,249132472240794,249132477458346,12813,320573,249132477458346,249132472640794,0,249132472240794,
32,133791664,249132472187203,249132472187203,-500875477,249132472738919,249132475409804,249132475500117,249132475591107,249132870738218,249132472708242,8318909,13666666,249132475646575,249132475725013,249132476686992,249132479205638,249132484332982,9427,215260,249132484332982,249132479486054,0,249132479205638,
32,133791672,249132480506141,249132480506141,-98719541,249132480808815,249132482718867,249132482786367,249132482854648,249132887376038,249132480787461,8318911,13666666,249132482885690,249132482926315,249132483630638,249132485273711,249132487248242,4844,118334,249132487248242,249132485452252,0,249132485273711,
32,133791680,249132488825053,249132488825053,-462721545,249132489284804,249132491180794,249132491241054,249132491304075,249132904013860,249132489261679,8318911,13666666,249132491331732,249132491370273,249132491971627,249132493901732,249132496490950,7500,165365,249132496490950,249132494120169,0,249132493901732,
32,133791688,249132497143964,249132497143964,-120809149,249132497394648,249132497412929,249132498655690,249132498749961,249132920651682,249132497374336,8318911,13666666,249132498885742,249132498916575,249132499452669,249132500946315,249132503162773,7813,138594,249132503162773,249132501134961,0,249132500946315,
32,133791696,249132505462867,249132505462867,0,249132505820065,249132505820846,249132506588502,249132506654648,249132937289503,249132505799232,8318910,13666666,249132506837617,249132506846159,249132507365898,249132509095377,249132511663711,6198,128802,249132511663711,249132509270534,0,249132509095377,
32,133791704,249132513781777,249132513781777,0,249132514177982,249132514178711,249132515658398,249132515732825,249132953927323,249132514155013,8318910,13666666,249132515869388,249132515908554,249132516513138,249132518753711,249132521069179,7552,151146,249132521069179,249132518964961,0,249132518753711,
32,133791712,249132522100673,249132522100673,0,249132522680950,249132522681627,249132524149857,249132524218086,249132970565142,249132522659336,8318909,13666666,249132524338086,249132524350742,249132524908398,249132526684127,249132529781992,7188,148750,249132529781992,249132526886679,0,249132526684127,
32,133791720,249132530419584,249132530419584,0,249132530909075,249132530910169,249132533071419,249132533172461,249132987202960,249132530880273,8318909,13666666,249132533364179,249132533381471,249132534267409,249132537137304,249132542267461,11250,199479,249132542267461,249132537452200,0,249132537137304,
32,133791728,249132538738506,249132538738506,0,249132539255221,249132539255898,249132540890534,249132540973971,249133003840779,249132539229857,8318910,13666666,249132541126992,249132541137200,249132541859075,249132543929752,249132546545377,6198,292344,249132546545377,249132544274804,0,249132543929752,
32,133791736,249132547057432,249132547057432,0,249132547407304,249132547408086,249132548992721,249132549067148,249133020478600,249132547386002,8318911,13666666,249132549226315,249132549246784,249132549888763,249132551972669,249132554698659,8854,175520,249132554698659,249132552232825,0,249132551972669,
32,133791744,249132555376359,249132555376359,0,249132555793971,249132555795013,249132557703450,249132557783607,249133037116423,249132555764232,8318912,13666666,249132557923971,249132557944179,249132558598867,249132560484179,249132563572565,8333,169062,249132563572565,249132560714648,0,249132560484179,
32,133791752,249132563695284,249132563695284,0,249132563991575,249132563992304,249132565696836,249132565770898,249133053754248,249132563970482,8318913,13666666,249132565910794,249132565927669,249132566554440,249132568593086,249132571019700,7552,235989,249132571019700,249132568888242,0,249132568593086,
32,133791760,249132572014196,249132572014196,0,249132572437148,249132572437825,249132574008502,249132574087044,249133070392074,249132572410221,8318913,13666666,249132574223659,249132574326107,249132574951107,249132576832721,249132579961992,7396,171146,249132579961992,249132577062409,0,249132576832721,
32,133791768,249132580333104,249132580333104,0,249132580729857,249132580730690,249132582331888,249132582407200,249133087029900,249132580703502,8318913,13666666,249132582542669,249132582601315,249132583200117,249132585144232,249132587677877,6927,163854,249132587677877,249132585363190,0,249132585144232,
32,133791776,249132588652019,249132588652019,0,249132589080221,249132589080950,249132590748294,249132590820325,249133103667726,249132589056002,8318913,13666666,249132590954909,249132591053607,249132591655690,249132593402617,249132596365638,7135,165834,249132596365638,249132593625690,0,249132593402617,
32,133791784,249132596970919,249132596970919,0,249132597335586,249132597336159,249132598899596,249132598968763,249133120305551,249132597313971,8318912,13666666,249132599101159,249132599140742,249132599740273,249132601944075,249132604741732,7031,196771,249132604741732,249132602205013,0,249132601944075,
32,133791792,249132605289827,249132605289827,0,249132605772461,249132605773086,249132607456419,249132607526367,249133136943375,249132605750013,8318912,13666666,249132607665742,249132607677929,249132608373086,249132609812982,249132612742096,7344,133386,249132612742096,249132609995846,0,249132609812982,
32,133791800,249132613608729,249132613608729,0,249132614027721,249132614028398,249132615380482,249132615441523,249133153581197,249132614008190,8318910,13666666,249132615554544,249132615569961,249132616188398,249132618111575,249132620688867,8334,174375,249132620688867,249132618348190,0,249132618111575,
32,133791808,249132621927623,249132621927623,0,249132622323294,249132622323867,249132623910482,249132623980221,249133170219017,249132622302565,8318910,13666666,249132624185534,249132624224544,249132624816679,249132626416627,249132629577773,6198,149740,249132629577773,249132626621732,2552008622741256683,249132626416627,
32,133791816,249132630246540,249132630246540,0,249132631103919,249132631104440,249132632605377,249132632672773,249133186856838,249132631079440,8318911,13666666,249132632795742,249132632808450,249132633432825,249132635278242,249132637967096,10104,175572,249132637967096,249132635514961,0,249132635278242,
32,133791824,249132638565466,249132638565466,0,249132639092825,249132639093919,249132640935794,249132641007929,249133203494660,249132639063502,8318911,13666666,249132641140325,249132641173554,249132641755429,249132643122565,249132646328502,7031,148802,249132646328502,249132643323607,0,249132643122565,
32,133791832,249132646884377,249132646884377,0,249132647334492,249132647335117,249132648828815,249132648895377,249133220132482,249132647314856,8318911,13666666,249132649028138,249132649046106,249132649642252,249132651202461,249132653736992,7500,238697,249132653736992,249132651505950,0,249132651202461,
32,133791840,249132655203302,249132655203302,0,249132655746367,249132655747044,249132657144909,249132657203450,249133236770305,249132655720429,8318912,13666666,249132657326784,249132657362356,249132657899752,249132659059127,249132661944648,8125,144739,249132661944648,249132659254231,0,249132659059127,
32,133791848,249132663522200,249132663522200,0,249132664176627,249132664177304,249132665669075,249132665768815,249133253408128,249132664157409,8318911,13666666,249132665891211,249132665901731,249132666529752,249132668151992,249132670757148,9948,159636,249132670757148,249132668367721,0,249132668151992,
32,133791856,249132671841111,249132671841111,0,249132672286679,249132672288346,249132676588346,249132676722773,249133270045950,249132672258138,8318911,13666666,249132676970898,249132677062356,249132677694961,249132679153190,249132683698294,8177,187083,249132683698294,249132679399961,0,249132679153190,
32,133791864,249132680160020,249132680160020,0,249132680452513,249132680453554,249132682006888,249132682076054,249133286683772,249132680436054,8318911,13666666,249132682209961,249132682247721,249132682803346,249132683880690,249132686280638,6250,154323,249132686280638,249132684079909,0,249132683880690,
32,133791872,249132688478937,249132688478937,0,249132688747200,249132688747877,249132690373034,249132690444492,249133303321593,249132688727200,8318910,13666666,249132690605586,249132690641106,249132691394075,249132692846211,249132695456211,7656,209010,249132695456211,249132693112981,0,249132692846211,
32,133791880,249132696797832,249132696797832,0,249132697663659,249132697664596,249132699063971,249132699110690,249133319959413,249132697635065,8318910,13666666,249132699208138,249132699220065,249132699887252,249132701501054,249132704101054,8177,153125,249132704101054,249132701709961,0,249132701501054,
32,133791888,249132705116746,249132705116746,0,249132705617981,249132705618763,249132707216575,249132707290429,249133336597233,249132705597461,8318910,13666666,249132707564856,249132707603450,249132708203606,249132709336679,249132712227981,7344,132084,249132712227981,249132709512565,0,249132709336679,
32,133791896,249132713435671,249132713435671,0,249132713929544,249132713930481,249132715179023,249132715225638,249133353235054,249132713916106,8318911,13666666,249132715322252,249132715332513,249132716041106,249132717261054,249132719834336,5052,141354,249132719834336,249132717449648,0,249132717261054,
32,133791904,249132721754580,249132721754580,0,249132722318502,249132722319284,249132723508919,249132723558138,249133369872876,249132722305273,8318911,13666666,249132723650950,249132723659700,249132724288554,249132725487513,249132728413190,5885,134062,249132728413190,249132725666627,0,249132725487513,
32,133791912,249132730073505,249132730073505,0,249132730546679,249132730547773,249132732462825,249132732572669,249133386510699,249132730514179,8318912,13666666,249132732747565,249132732795377,249132733446523,249132735176211,249132737953763,8333,173438,249132737953763,249132735412409,0,249132735176211,
32,133791920,249132738392430,249132738392430,0,249132738762409,249132738764127,249132740564388,249132740644961,249133403148524,249132738734544,8318913,13666666,249132740796159,249132740811731,249132741422096,249132742691731,249132745631523,7032,143281,249132745631523,249132742887409,0,249132742691731,
32,133791928,249132746711330,249132746711330,0,249132747052304,249132747052929,249132748458502,249132748528763,249133419786349,249132747032565,8318912,13666666,249132748657409,249132748698242,249132749223190,249132750522721,249132752828919,5938,193802,249132752828919,249132750796471,0,249132750522721,
32,133791936,249132755030256,249132755030256,0,249132755358919,249132755359752,249132757077513,249132757158554,249133436424174,249132755336888,8318913,13666666,249132757235117,249132757290013,249132757853294,249132759143450,249132762038502,6823,138907,249132762038502,249132759334388,0,249132759143450,
32,133791944,249132763349170,249132763349170,0,249132763681992,249132763682617,249132765500273,249132765571940,249133453062000,249132763660273,8318913,13666666,249132765602044,249132765655273,249132766236263,249132767781002,249132770311523,6562,243594,249132770311523,249132768096627,0,249132767781002,
32,133791952,249132771668067,249132771668067,0,249132772132148,249132772132825,249132773624440,249132773690638,249133469699825,249132772106888,8318912,13666666,249132773719284,249132773745169,249132774272669,249132775469075,249132778434179,5104,126146,249132778434179,249132775640013,0,249132775469075,
32,133791960,249132779986981,249132779986981,0,249132780370221,249132780370898,249132781655325,249132781719596,249133486337648,249132780350794,8318911,13666666,249132781745377,249132781782200,249132782297148,249132783520221,249132785921992,5989,176614,249132785921992,249132783771523,0,249132783520221,
32,133791968,249132788305882,249132788305882,0,249132789094909,249132789096367,249132791242304,249132791349648,249133502975470,249132789056263,8318911,13666666,249132791390638,249132791430950,249132792081784,249132793413294,249132796332513,6666,149479,249132796332513,249132793616784,0,249132793413294,
32,133791976,249132796624791,249132796624791,0,249132797121263,249132797121940,249132798252513,249132798296471,249133519613292,249132797107252,8318911,13666666,249132798315898,249132798369127,249132798993398,249132800396627,249132802806888,6979,206250,249132802806888,249132800693815,0,249132800396627,
32,133791984,249132804943700,249132804943700,0,249132805449440,249132805450377,249132807166523,249132807249700,249133536251114,249132805422721,8318911,13666666,249132807283606,249132807329336,249132807872200,249132809211211,249132812265638,7813,170000,249132812265638,249132809438659,0,249132809211211,
32,133791992,249132813262611,249132813262611,0,249132813707773,249132813708450,249132815294023,249132815366159,249133552888936,249132813687044,8318911,13666666,249132815402252,249132815447461,249132816096731,249132817711992,249132820294752,8229,171354,249132820294752,249132817941419,0,249132817711992,
32,133792000,249132821581520,249132821581520,0,249132822069492,249132822070273,249132823744752,249132823816523,249133569526758,249132822047252,8318911,13666666,249132823846367,249132823887721,249132824482096,249132825861471,249132828695898,6927,154011,249132828695898,249132826084075,0,249132825861471,
32,133792008,249132829900434,249132829900434,0,249132830415273,249132830416054,249132831609804,249132831653554,249133586164580,249132830402044,8318911,13666666,249132831672044,249132831707356,249132832321159,249132833714127,249132836181523,11354,266198,249132836181523,249132834033815,0,249132833714127,
32,133792016,249132838219346,249132838219346,0,249132838604961,249132838605950,249132840287409,249132840362409,249133602802401,249132838582669,8318910,13666666,249132840393346,249132840434596,249132840991002,249132842275117,249132845086888,8854,152812,249132845086888,249132842485377,0,249132842275117,
32,133792024,249132846538246,249132846538246,0,249132846951523,249132846952200,249132848581627,249132848658034,249133619440222,249132846933190,8318911,13666666,249132848691263,249132848741784,249132849378919,249132850935690,249132853424961,7396,159271,249132853424961,249132851184127,0,249132850935690,
32,133792032,249132854857171,249132854857171,0,249132855180950,249132855181784,249132856853294,249132856934961,249133636078044,249132855158086,8318911,13666666,249132856966211,249132857154492,249132857834804,249132859400794,249132862071106,8854,212761,249132862071106,249132859691784,0,249132859400794,
32,133792040,249132863176103,249132863176103,0,249132863552513,249132863553398,249132865051836,249132865123346,249133652715867,249132863528086,8318912,13666666,249132865152877,249132865189596,249132865769283,249132867067981,249132869584961,7187,151615,249132869584961,249132867273554,0,249132867067981,
32,133792048,249132871495015,249132871495015,0,249132871840221,249132871840846,249132873273554,249132873351783,249133669353691,249132871818919,8318912,13666666,249132873381992,249132873421523,249132874003138,249132875349596,249132877787565,8854,160521,249132877787565,249132875568033,0,249132875349596,
32,133792056,249132879813927,249132879813927,0,249132880100117,249132880101211,249132881514440,249132881576940,249133685991516,249132880081106,8318913,13666666,249132881605638,249132881634388,249132882152304,249132883339961,249132885802200,7188,145937,249132885802200,249132883535533,0,249132883339961,
32,133792064,249132888132853,249132888132853,0,249132888499336,249132888500065,249132889834700,249132889886679,249133702629341,249132888484127,8318912,13666666,249132889911367,249132889946211,249132890428971,249132891397825,249132893859700,6406,133490,249132893859700,249132891579127,0,249132891397825,
32,133792072,249132896451750,249132896451750,0,249132896766992,249132896767773,249132898288919,249132898346106,249133719267164,249132896748971,8318911,13666666,249132898372304,249132898415638,249132898980013,249132900153606,249132902542408,10937,142656,249132902542408,249132900351836,0,249132900153606,
32,133792080,249132904770644,249132904770644,0,249132905014544,249132905015325,249132906163711,249132906212252,249133735904986,249132904999961,8318911,13666666,249132906233815,249132906257304,249132906660273,249132907544492,249132909969075,6198,148594,249132909969075,249132907749804,0,249132907544492,
32,133792088,249132913089553,249132913089553,0,249132913288190,249132913288606,249132914000117,249132914029752,249133752542808,249132913278815,8318911,13666666,249132914042617,249132914065898,249132914369648,249132914849179,249132917340846,3802,68542,249132917340846,249132914944961,0,249132914849179,
32,133792096,249132921408465,249132921408465,0,249132921977200,249132921978190,249132923745481,249132923822408,249133769180629,249132921956106,8318910,13666666,249132923854856,249132923902565,249132924620586,249132926111731,249132928488815,11302,229219,249132928488815,249132926417877,0,249132926111731,
32,133792104,249132929727359,249132929727359,0,249132930082669,249132930083554,249132931351419,249132931409440,249133785818450,249132930066002,8318911,13666666,249132931433763,249132931472044,249132931957044,249132932982304,249132935392461,8230,143438,249132935392461,249132933178867,0,249132932982304,
32,133792112,249132938046282,249132938046282,0,249132938371211,249132938371940,249132939819336,249132939882617,249133802456271,249132938353711,8318910,13666666,249132939910533,249132939950429,249132940570065,249132941739804,249132944177461,7813,170521,249132944177461,249132941998919,0,249132941739804,
32,133792120,249132946365182,249132946365182,0,249132946863554,249132946864961,249132948562721,249132948630013,249133819094092,249132946844908,8318911,13666666,249132948658086,249132948695533,249132949272044,249132950311367,249132952792096,6093,140104,249132952792096,249132950528033,0,249132950311367,
32,133792128,249132954684108,249132954684108,0,249132955047929,249132955048502,249132956397773,249132956452773,249133835731914,249132955031211,8318911,13666666,249132956499908,249132956544752,249132957043815,249132958006419,249132960511054,7031,138646,249132960511054,249132958194752,0,249132958006419,
32,133792136,249132963003022,249132963003022,0,249132963331315,249132963332148,249132964738398,249132964785638,249133852369736,249132963317617,8318911,13666666,249132964806211,249132964839804,249132965308919,249132966206471,249132968734752,5521,128594,249132968734752,249132966378867,0,249132966206471,
32,133792144,249132971321936,249132971321936,0,249132971767304,249132971768086,249132973667148,249132973731002,249133869007558,249132971746211,8318911,13666666,249132973759752,249132973805638,249132974398502,249132975332981,249132977838658,5989,110157,249132977838658,249132975482721,0,249132975332981,
32,133792152,249132979640850,249132979640850,0,249132980144700,249132980145325,249132981471367,249132981530169,249133885645381,249132980130013,8318912,13666666,249132981556263,249132981581731,249132982053450,249132982844075,249132985673658,4583,101511,249132985673658,249132982984596,0,249132982844075,
32,133792160,249132987959776,249132987959776,0,249132988349023,249132988349648,249132989592981,249132989640846,249133902283203,249132988334544,8318910,13666666,249132989662513,249132989685690,249132990103919,249132990870169,249132993426419,4583,92500,249132993426419,249132990999023,0,249132990870169,
32,133792168,249132996278658,249132996278658,0,249132996806575,249132996807513,249132998528086,249132998593346,249133918921024,249132996789961,8318911,13666666,249132998623867,249132998695690,249132999429075,249133000871315,249133003718346,10052,231979,249133003718346,249133001176940,0,249133000871315,
32,133792176,249133004597587,249133004597587,0,249133004889961,249133004890690,249133006584023,249133006645013,249133935558846,249133004873294,8318911,13666666,249133006675690,249133006691367,249133007494336,249133009009336,249133011829388,9687,302136,249133011829388,249133009388763,0,249133009009336,
32,133792184,249133012916499,249133012916499,0,249133013290273,249133013291054,249133015103294,249133015173554,249133952196669,249133013271054,8318912,13666666,249133015207565,249133015276263,249133016178450,249133017648971,249133020823033,9687,215937,249133020823033,249133017937929,0,249133017648971,
32,133792192,249133021235429,249133021235429,0,249133021741679,249133021742565,249133023588190,249133023666054,249133968834494,249133021718763,8318913,13666666,249133023703033,249133023769440,249133024596836,249133025903658,249133029521106,7760,198802,249133029521106,249133026171836,0,249133025903658,
32,133792200,249133029554358,249133029554358,0,249133030076263,249133030077044,249133031864648,249133031940169,249133985472322,249133030051575,8318915,13666666,249133031973658,249133032104179,249133033013658,249133034458606,249133037559700,11094,238177,249133037559700,249133034770690,0,249133034458606,
32,133792208,249133037873296,249133037873296,0,249133038249908,249133038250742,249133040284440,249133040347096,249134002110153,249133038229961,8318916,13666666,249133040377669,249133040445638,249133041173398,249133042285846,249133045063398,9844,207240,249133045063398,249133042566575,0,249133042285846,
32,133792224,249133054511136,249133054511136,0,249133054687096,249133054687617,249133059325846,249133059440065,249134018747985,249133054675533,8318916,13666666,249133059889179,249133060024961,249133060621367,249133061459075,249133063914804,7917,149011,249133063914804,249133061658138,0,249133061459075,
---PROFILEDATA---


View hierarchy:

  com.chasel.ng2/com.chasel.ng2.MainActivity/android.view.ViewRootImpl@a887347
  320 views, 696.85 kB of render nodes


  Dynamic VRI BBQ Log.  render_draw: false  hdr_dimmer: false  blur_blend: false  hwui_window_decor: false  sync_barrier: false

Total ViewRootImpl   : 1
Total attached Views : 320
Total RenderNode     : 696.85 kB (used) / 2062.27 kB (capacity)

