Applications Graphics Acceleration Info:
Uptime: 248767326 Realtime: 686961829

** Graphics info for pid 12385 [gov.anzong.androidnga] **

Stats since: 248736398179747ns
Total frames rendered: 3998
Janky frames: 1 (0.03%)
Janky frames (legacy): 16 (0.40%)
50th percentile: 10ms
90th percentile: 14ms
95th percentile: 14ms
99th percentile: 15ms
Number Missed Vsync: 0
Number High input latency: 7994
Number Slow UI thread: 0
Number Slow bitmap uploads: 0
Number Slow issue draw commands: 1
Number Frame deadline missed: 1
Number Frame deadline missed (legacy): 0
HISTOGRAM: 5ms=564 6ms=196 7ms=208 8ms=300 9ms=136 10ms=832 11ms=736 12ms=112 13ms=412 14ms=432 15ms=48 16ms=14 17ms=6 18ms=2 19ms=0 20ms=0 21ms=0 22ms=0 23ms=0 24ms=0 25ms=0 26ms=0 27ms=0 28ms=0 29ms=0 30ms=0 31ms=0 32ms=0 34ms=0 36ms=0 38ms=0 40ms=0 42ms=0 44ms=0 46ms=0 48ms=0 53ms=0 57ms=0 61ms=0 65ms=0 69ms=0 73ms=0 77ms=0 81ms=0 85ms=0 89ms=0 93ms=0 97ms=0 101ms=0 105ms=0 109ms=0 113ms=0 117ms=0 121ms=0 125ms=0 129ms=0 133ms=0 150ms=0 200ms=0 250ms=0 300ms=0 350ms=0 400ms=0 450ms=0 500ms=0 550ms=0 600ms=0 650ms=0 700ms=0 750ms=0 800ms=0 850ms=0 900ms=0 950ms=0 1000ms=0 1050ms=0 1100ms=0 1150ms=0 1200ms=0 1250ms=0 1300ms=0 1350ms=0 1400ms=0 1450ms=0 1500ms=0 1550ms=0 1600ms=0 1650ms=0 1700ms=0 1750ms=0 1800ms=0 1850ms=0 1900ms=0 1950ms=0 2000ms=0 2050ms=0 2100ms=0 2150ms=0 2200ms=0 2250ms=0 2300ms=0 2350ms=0 2400ms=0 2450ms=0 2500ms=0 2550ms=0 2600ms=0 2650ms=0 2700ms=0 2750ms=0 2800ms=0 2850ms=0 2900ms=0 2950ms=0 3000ms=0 3050ms=0 3100ms=0 3150ms=0 3200ms=0 3250ms=0 3300ms=0 3350ms=0 3400ms=0 3450ms=0 3500ms=0 3550ms=0 3600ms=0 3650ms=0 3700ms=0 3750ms=0 3800ms=0 3850ms=0 3900ms=0 3950ms=0 4000ms=0 4050ms=0 4100ms=0 4150ms=0 4200ms=0 4250ms=0 4300ms=0 4350ms=0 4400ms=0 4450ms=0 4500ms=0 4550ms=0 4600ms=0 4650ms=0 4700ms=0 4750ms=0 4800ms=0 4850ms=0 4900ms=0 4950ms=0
50th gpu percentile: 7ms
90th gpu percentile: 11ms
95th gpu percentile: 12ms
99th gpu percentile: 13ms
GPU HISTOGRAM: 1ms=0 2ms=44 3ms=278 4ms=628 5ms=236 6ms=288 7ms=796 8ms=312 9ms=534 10ms=454 11ms=166 12ms=184 13ms=56 14ms=10 15ms=8 16ms=4 17ms=0 18ms=0 19ms=0 20ms=0 21ms=0 22ms=0 23ms=0 24ms=0 25ms=0 4950ms=0

Pipeline=Skia (Vulkan)
Memory policy:
  Max surface area: 3240320
  Max resource usage: 466.61MB (x48)
  Background retention: 50% (altUiHidden = true)
  GPU Context timeout: 10
Contexts: 2 (stopped = 1)
CPU Caches:
  Glyph Cache: 265.97 KB (1 entry)
  Glyph Count: 17 
Total CPU memory usage:
  272354 bytes, 265.97 KB (0.00 bytes is purgeable)
GPU Caches:
  Other:
    Other: 8.58 KB (1 entry)
  Image:
    Surface: 778.71 KB (18 entries)
  Scratch:
    GrVkTextureRenderTarget: 49.44 MB (4 entries)
    Surface: 2.00 MB (2 entries)
    Buffer Object: 334.25 KB (10 entries)
    GrVkImage: 0.00 bytes (24 entries)
Total GPU memory usage:
  55090860 bytes, 52.54 MB (699.77 KB is purgeable)
Detail dimensions: 
GrVkImage:				0		{78x78}	6
Buffer Object:				49152		{0x0}	1
GrVkImage:				0		{2048x1024}	1
Surface:				2097152		{2048x1024}	1
GrVkImage:				0		{128x1}	1
GrVkImage:				0		{180x180}	4
Buffer Object:				256		{0x0}	1
Surface:				128		{128x1}	1
Surface:				6084		{78x78}	6
GrVkImage:				0		{1220x2656}	4
GrVkTextureRenderTarget:				12961280		{1220x2656}	4
Buffer Object:				30720		{0x0}	1
GrVkImage:				0		{48x48}	1
GrVkImage:				0		{55x55}	1
GrVkImage:				0		{96x96}	6
Surface:				129600		{180x180}	4
Buffer Object:				32768		{0x0}	6
Buffer Object:				65536		{0x0}	1
Surface:				36864		{96x96}	6
Surface:				12100		{55x55}	1
Surface:				9216		{48x48}	1

GraphicBufferAllocator buffers:
            Handle |         Size |     W (Stride) x H | Layers |   Format |      Usage | Requestor
0xb400007badc6ff90 | 13280.00 KiB | 1220 (1280) x 2656 |      1 |        1 | 0x10000b00 | VRI[MainActivity]#5(BLAST Consumer)5
0xb400007badc716f0 | 13280.00 KiB | 1220 (1280) x 2656 |      1 |        1 | 0x10000b00 | VRI[MainActivity]#5(BLAST Consumer)5
0xb400007badc81c30 | 13280.00 KiB | 1220 (1280) x 2656 |      1 |        1 | 0x10000b00 | VRI[MainActivity]#5(BLAST Consumer)5
0xb400007badc93da0 | 13280.00 KiB | 1220 (1280) x 2656 |      1 |        1 | 0x10000b00 | VRI[MainActivity]#5(BLAST Consumer)5
Total allocated by GraphicBufferAllocator (estimate): 53120.00 KB
Imported gralloc buffers:
+ name:VRI[MainActivity]#5(BLAST Consumer)5, id:256240, size:13364.00KiB, w/h:1220x2656, usage: 0x10000b00, req fmt:1, fourcc/mod:0/0, dataspace: 0x8810000, compressed: true
+ name:VRI[MainActivity]#5(BLAST Consumer)5, id:256239, size:13364.00KiB, w/h:1220x2656, usage: 0x10000b00, req fmt:1, fourcc/mod:0/0, dataspace: 0x8810000, compressed: true
+ name:VRI[MainActivity]#5(BLAST Consumer)5, id:256238, size:13364.00KiB, w/h:1220x2656, usage: 0x10000b00, req fmt:1, fourcc/mod:0/0, dataspace: 0x8810000, compressed: true
+ name:VRI[MainActivity]#5(BLAST Consumer)5, id:256237, size:13364.00KiB, w/h:1220x2656, usage: 0x10000b00, req fmt:1, fourcc/mod:0/0, dataspace: 0x8810000, compressed: true
Total imported by gralloc: 53456.00KiB

Profile data in ms:

	gov.anzong.androidnga/gov.anzong.androidnga.activity.MainActivity/android.view.ViewRootImpl@c6a784d (visibility=0)
Window: gov.anzong.androidnga/gov.anzong.androidnga.activity.MainActivity
Stats since: 248736398179591ns
Total frames rendered: 3998
Janky frames: 1 (0.03%)
Janky frames (legacy): 16 (0.40%)
50th percentile: 10ms
90th percentile: 14ms
95th percentile: 14ms
99th percentile: 15ms
Number Missed Vsync: 0
Number High input latency: 7994
Number Slow UI thread: 0
Number Slow bitmap uploads: 0
Number Slow issue draw commands: 1
Number Frame deadline missed: 1
Number Frame deadline missed (legacy): 0
HISTOGRAM: 5ms=564 6ms=196 7ms=208 8ms=300 9ms=136 10ms=832 11ms=736 12ms=112 13ms=412 14ms=432 15ms=48 16ms=14 17ms=6 18ms=2 19ms=0 20ms=0 21ms=0 22ms=0 23ms=0 24ms=0 25ms=0 26ms=0 27ms=0 28ms=0 29ms=0 30ms=0 31ms=0 32ms=0 34ms=0 36ms=0 38ms=0 40ms=0 42ms=0 44ms=0 46ms=0 48ms=0 53ms=0 57ms=0 61ms=0 65ms=0 69ms=0 73ms=0 77ms=0 81ms=0 85ms=0 89ms=0 93ms=0 97ms=0 101ms=0 105ms=0 109ms=0 113ms=0 117ms=0 121ms=0 125ms=0 129ms=0 133ms=0 150ms=0 200ms=0 250ms=0 300ms=0 350ms=0 400ms=0 450ms=0 500ms=0 550ms=0 600ms=0 650ms=0 700ms=0 750ms=0 800ms=0 850ms=0 900ms=0 950ms=0 1000ms=0 1050ms=0 1100ms=0 1150ms=0 1200ms=0 1250ms=0 1300ms=0 1350ms=0 1400ms=0 1450ms=0 1500ms=0 1550ms=0 1600ms=0 1650ms=0 1700ms=0 1750ms=0 1800ms=0 1850ms=0 1900ms=0 1950ms=0 2000ms=0 2050ms=0 2100ms=0 2150ms=0 2200ms=0 2250ms=0 2300ms=0 2350ms=0 2400ms=0 2450ms=0 2500ms=0 2550ms=0 2600ms=0 2650ms=0 2700ms=0 2750ms=0 2800ms=0 2850ms=0 2900ms=0 2950ms=0 3000ms=0 3050ms=0 3100ms=0 3150ms=0 3200ms=0 3250ms=0 3300ms=0 3350ms=0 3400ms=0 3450ms=0 3500ms=0 3550ms=0 3600ms=0 3650ms=0 3700ms=0 3750ms=0 3800ms=0 3850ms=0 3900ms=0 3950ms=0 4000ms=0 4050ms=0 4100ms=0 4150ms=0 4200ms=0 4250ms=0 4300ms=0 4350ms=0 4400ms=0 4450ms=0 4500ms=0 4550ms=0 4600ms=0 4650ms=0 4700ms=0 4750ms=0 4800ms=0 4850ms=0 4900ms=0 4950ms=0
50th gpu percentile: 7ms
90th gpu percentile: 11ms
95th gpu percentile: 12ms
99th gpu percentile: 13ms
GPU HISTOGRAM: 1ms=0 2ms=44 3ms=278 4ms=628 5ms=236 6ms=288 7ms=796 8ms=312 9ms=534 10ms=454 11ms=166 12ms=184 13ms=56 14ms=10 15ms=8 16ms=4 17ms=0 18ms=0 19ms=0 20ms=0 21ms=0 22ms=0 23ms=0 24ms=0 25ms=0 4950ms=0


RenderLite trim renderNode error: 0

---PROFILEDATA---
Flags,FrameTimelineVsyncId,IntendedVsync,Vsync,InputEventId,HandleInputStart,AnimationStart,PerformTraversalsStart,DrawStart,FrameDeadline,FrameStartTime,FrameInterval,WorkloadTarget,SyncQueued,SyncStart,IssueDrawCommandsStart,SwapBuffers,FrameCompleted,DequeueBufferDuration,QueueBufferDuration,GpuCompleted,SwapBuffersCompleted,DisplayPresentTime,CommandSubmissionCompleted,
32,133705795,248765397974952,248765397974952,0,248765398565101,248765398566038,248765398793903,248765398837236,248768787714636,248765398534580,8318857,13666666,248765399223695,248765399272392,248765399411403,248765400864007,248765408484215,10521,2760521,248765408484215,248765403710257,0,248765400864007,
32,133705810,248765406135274,248765406135274,0,248765406592965,248765406593799,248765406827705,248765406905101,248768804335953,248765406569892,8302460,13666666,248765407255622,248765407298747,248765407488642,248765408626142,248765416929059,8959,206458,248765416929059,248765408902497,0,248765408626142,
32,133705825,248765414404976,248765414404976,0,248765415215778,248765415216767,248765415475257,248765415526403,248768820938389,248765415188590,8299976,13666666,248765415889372,248765416099320,248765416320465,248765417626559,248765424979215,12292,200521,248765424979215,248765418083122,0,248765417626559,
32,133705840,248765422710544,248765422710544,0,248765423179997,248765423180934,248765423423590,248765423486351,248768837538346,248765423157705,8299981,13666666,248765423844997,248765423925986,248765424139684,248765425760622,248765433709267,11458,435573,248765433709267,248765426314319,0,248765425760622,
32,133705855,248765431014389,248765431014389,0,248765431513747,248765431514580,248765431869476,248765431942965,248768854139081,248765431486611,8300754,13666666,248765433036611,248765433097809,248765433281715,248765434733226,248765441407809,10886,203489,248765441407809,248765435183330,0,248765434733226,
32,133705870,248765439329176,248765439329176,0,248765440336038,248765440336663,248765440653434,248765440709788,248768870741627,248765440296299,8301792,13666666,248765441085153,248765441204892,248765441320517,248765442167705,248765453092444,8750,241875,248765453092444,248765442466715,0,248765442167705,
32,133705885,248765447645124,248765447645124,0,248765448168434,248765448169163,248765448344372,248765448382601,248768887346323,248765448147132,8302904,13666666,248765448588226,248765448632080,248765448742861,248765449787809,248765458439997,8802,3316562,248765458439997,248765453207913,0,248765449787809,
32,133705900,248765455971107,248765455971107,0,248765456780622,248765456781351,248765456989372,248765457026924,248768903953230,248765456758226,8304003,13666666,248765457244892,248765457326715,248765457470569,248765458794580,248765467268122,12292,284948,248765467268122,248765459176299,0,248765458794580,
32,133705915,248765464289970,248765464289970,0,248765464919319,248765464920674,248765465212965,248765465272757,248768920562289,248765464877184,8305056,13666666,248765465665465,248765465746715,248765465984059,248765467483434,248765475135882,15104,203438,248765475135882,248765467760205,0,248765467483434,
32,133705930,248765472602963,248765472602963,0,248765473470517,248765473472601,248765473719163,248765473771924,248768937173389,248765473432757,8306044,13666666,248765474204528,248765474283486,248765474430309,248765475855830,248765484670517,10261,267917,248765484670517,248765476203955,0,248765475855830,
32,133705945,248765480923510,248765480923510,0,248765482180361,248765482181351,248765482573434,248765482630309,248768953786392,248765482150726,8306959,13666666,248765483079944,248765483218382,248765483409372,248765485094319,248765491695153,17343,267031,248765491695153,248765485437757,0,248765485094319,
32,133705960,248765489245321,248765489245321,0,248765489903069,248765489903694,248765490140674,248765490183955,248768970401153,248765489879840,8307802,13666666,248765490481507,248765490527497,248765490769944,248765491858278,248765500630882,10521,273542,248765500630882,248765492197340,0,248765491858278,
32,133705975,248765497568129,248765497568129,0,248765498102757,248765498103590,248765498472705,248765498523694,248768987017531,248765498083069,8308576,13666666,248765498774319,248765498879528,248765499086194,248765500658851,248765508765569,10782,388906,248765508765569,248765501142288,0,248765500658851,
32,133705990,248765505889978,248765505889978,0,248765506528069,248765506528799,248765506709528,248765506748017,248769003635392,248765506502601,8309285,13666666,248765507048434,248765507106872,248765507264997,248765508621038,248765516921351,12761,248906,248765516921351,248765508950465,0,248765508621038,
32,133706005,248765514207662,248765514207662,0,248765514961090,248765514962392,248765515338538,248765515421872,248769020254612,248765514924476,8309935,13666666,248765515809319,248765515906299,248765516131351,248765517549840,248765525071299,9583,225573,248765525071299,248765517851976,0,248765517549840,
32,133706020,248765522530777,248765522530777,0,248765523027236,248765523028851,248765523377392,248765523439267,248769036875261,248765522988226,8310714,13666666,248765523941090,248765524052028,248765524235726,248765525689528,248765533740153,11250,240938,248765533740153,248765526004424,0,248765525689528,
32,133706035,248765530856719,248765530856719,0,248765531487653,248765531488538,248765531711403,248765531760101,248769053497679,248765531459997,8311704,13666666,248765532096299,248765532211351,248765532412080,248765533729892,248765542415361,14687,267396,248765542415361,248765534078903,0,248765533729892,
32,133706050,248765539186074,248765539186074,0,248765539712444,248765539713226,248765539932653,248765539994476,248769070122339,248765539687757,8312956,13666666,248765540304163,248765540361038,248765540511976,248765541842601,248765550938017,11510,586406,248765550938017,248765542509424,0,248765541842601,
32,133706065,248765547519444,248765547519444,0,248765548194319,248765548195153,248765548499736,248765548555361,248769086749815,248765547984840,8314520,13666666,248765548757080,248765548891507,248765549122705,248765550721872,248765562112705,17240,220573,248765562112705,248765551021611,0,248765550721872,
2,133706087,248765555857764,248765555857764,0,248765555857764,248765555857764,248765555857764,248765555857764,248769103380806,248765555857764,8316471,13666666,248765559328174,248765559329111,248765559475986,248765560891299,248765566950986,11823,1235781,248765566950986,248765562207601,0,248765560891299,
2,133706102,248765564202330,248765564202330,0,248765564202330,248765564202330,248765564202330,248765564202330,248769120016191,248765564202330,8318914,13666666,248765567700830,248765567702340,248765567885569,248765569167392,248765575148122,12292,190417,248765575148122,248765569433122,0,248765569167392,
2,133706110,248765572521226,248765572521226,0,248765572521226,248765572521226,248765572521226,248765572521226,248769136654018,248765572521226,8318913,13666666,248765576075465,248765576077444,248765576230361,248765577515049,248765583950049,10729,186979,248765583950049,248765577772132,0,248765577515049,
2,133706118,248765580840143,248765580840143,0,248765580840143,248765580840143,248765580840143,248765580840143,248769153291844,248765580840143,8318913,13666666,248765584321194,248765584322705,248765584469997,248765585688434,248765594971976,7917,173542,248765594971976,248765585927653,0,248765585688434,
2,133706126,248765589159055,248765589159055,0,248765589159055,248765589159055,248765589159055,248765589159055,248769169929670,248765589159055,8318913,13666666,248765592839840,248765592840986,248765592929476,248765594165778,248765600652653,9740,825834,248765600652653,248765595070674,0,248765594165778,
2,133706134,248765597477969,248765597477969,0,248765597477969,248765597477969,248765597477969,248765597477969,248769186567496,248765597477969,8318913,13666666,248765601021455,248765601022653,248765601154372,248765602324059,248765608407236,9010,184062,248765608407236,248765602581194,0,248765602324059,
2,133706142,248765605796896,248765605796896,0,248765605796896,248765605796896,248765605796896,248765605796896,248769203205323,248765605796896,8318914,13666666,248765609298903,248765609299736,248765609427809,248765610536090,248765617236090,13073,189740,248765617236090,248765610792653,0,248765610536090,
2,133706150,248765614115794,248765614115794,0,248765614115794,248765614115794,248765614115794,248765614115794,248769219843150,248765614115794,8318913,13666666,248765617661976,248765617663226,248765617763799,248765619140830,248765625142340,7500,225208,248765625142340,248765619449528,0,248765619140830,
2,133706158,248765622434681,248765622434681,0,248765622434681,248765622434681,248765622434681,248765622434681,248769236480974,248765622434681,8318911,13666666,248765625919007,248765625919840,248765626006455,248765627411507,248765633447392,7031,180781,248765633447392,248765627745153,0,248765627411507,
2,133706166,248765630753595,248765630753595,0,248765630753595,248765630753595,248765630753595,248765630753595,248769253118796,248765630753595,8318911,13666666,248765634248642,248765634250465,248765634446611,248765635807757,248765641626872,13073,231562,248765641626872,248765636113642,0,248765635807757,
2,133706174,248765639072507,248765639072507,0,248765639072507,248765639072507,248765639072507,248765639072507,248769269756618,248765639072507,8318911,13666666,248765642569476,248765642570361,248765642654632,248765644163174,248765652803434,7916,275573,248765652803434,248765644502392,0,248765644163174,
2,133706182,248765647391402,248765647391402,0,248765647391402,248765647391402,248765647391402,248765647391402,248769286394439,248765647391402,8318910,13666666,248765650846246,248765650846663,248765650904476,248765651706351,248765661288694,6927,1107604,248765661288694,248765652863278,0,248765651706351,
2,133706190,248765655710303,248765655710303,0,248765655710303,248765655710303,248765655710303,248765655710303,248769303032258,248765655710303,8318909,13666666,248765659206299,248765659206976,248765659286767,248765660439424,248765669066871,9896,866563,248765669066871,248765661419476,0,248765660439424,
2,133706198,248765664029197,248765664029197,0,248765664029197,248765664029197,248765664029197,248765664029197,248769319670075,248765664029197,8318908,13666666,248765667481351,248765667481976,248765667545726,248765668301194,248765676043330,6093,789167,248765676043330,248765669144892,0,248765668301194,
2,133706206,248765672348106,248765672348106,0,248765672348106,248765672348106,248765672348106,248765672348106,248769336307891,248765672348106,8318908,13666666,248765675796455,248765675797705,248765675863330,248765676638121,248765684663121,6510,153802,248765684663121,248765676837809,0,248765676638121,
2,133706214,248765680667024,248765680667024,0,248765680667024,248765680667024,248765680667024,248765680667024,248769352945708,248765680667024,8318909,13666666,248765684117913,248765684118486,248765684207861,248765685108330,248765693723069,6771,144011,248765693723069,248765685307340,0,248765685108330,
2,133706222,248765688985921,248765688985921,0,248765688985921,248765688985921,248765688985921,248765688985921,248769369583525,248765688985921,8318908,13666666,248765692457288,248765692458121,248765692534476,248765693580569,248765701335778,10312,169219,248765701335778,248765693817549,0,248765693580569,
2,133706230,248765697304844,248765697304844,0,248765697304844,248765697304844,248765697304844,248765697304844,248769386221342,248765697304844,8318909,13666666,248765700754788,248765700755309,248765700815413,248765701676194,248765710469840,4739,152083,248765710469840,248765701910882,0,248765701676194,
2,133706238,248765705623753,248765705623753,0,248765705623753,248765705623753,248765705623753,248765705623753,248769402859160,248765705623753,8318909,13666666,248765709080934,248765709081715,248765709159371,248765710133174,248765719044996,6563,373542,248765719044996,248765710582392,0,248765710133174,
2,133706246,248765713942667,248765713942667,0,248765713942667,248765713942667,248765713942667,248765713942667,248769419496978,248765713942667,8318909,13666666,248765717403121,248765717404267,248765717478799,248765718520674,248765727045726,8437,534895,248765727045726,248765719125205,0,248765718520674,
2,133706254,248765722261592,248765722261592,0,248765722261592,248765722261592,248765722261592,248765722261592,248769436134797,248765722261592,8318910,13666666,248765725725257,248765725726246,248765725807028,248765727025882,248765735712705,8646,172604,248765735712705,248765727267549,0,248765727025882,
2,133706262,248765730580503,248765730580503,0,248765730580503,248765730580503,248765730580503,248765730580503,248769452772617,248765730580503,8318910,13666666,248765734043174,248765734043642,248765734114684,248765735277132,248765741238851,6406,466406,248765741238851,248765735821715,0,248765735277132,
2,133706270,248765738899420,248765738899420,0,248765738899420,248765738899420,248765738899420,248765738899420,248769469410437,248765738899420,8318910,13666666,248765742385882,248765742386351,248765742554580,248765743658017,248765749826090,9375,187761,248765749826090,248765743916038,318634531318531177,248765743658017,
0,133706278,248765747218342,248765747218342,0,248765747821871,248765747823746,248765747828694,248765747955934,248769486048258,248765747779371,8318911,13666666,248765748415309,248765748468903,248765748601299,248765749712653,248765757841038,9115,202396,248765757841038,248765749981507,0,248765749712653,
2,133706293,248765755537254,248765755537254,0,248765755537254,248765755537254,248765755537254,248765755537254,248769502686080,248765755537254,8318911,13666666,248765759136507,248765759136871,248765759213955,248765760417861,248765769246924,10573,187343,248765769246924,248765760676142,336362597257577795,248765760417861,
2,133706301,248765763856176,248765763856176,0,248765763856176,248765763856176,248765763856176,248765763856176,248769519323903,248765763856176,8318912,13666666,248765767496924,248765767497340,248765767570309,248765768686194,248765774491455,9115,575833,248765774491455,248765769335309,432070673536124411,248765768686194,
2,133706309,248765772175101,248765772175101,0,248765772175101,248765772175101,248765772175101,248765772175101,248769535961728,248765772175101,8318913,13666666,248765775682601,248765775683382,248765775758226,248765777082288,248765786107809,8594,191406,248765786107809,248765777345517,0,248765777082288,
2,133706317,248765780493999,248765780493999,0,248765780493999,248765780493999,248765780493999,248765780493999,248769552599553,248765780493999,8318912,13666666,248765784053382,248765784054215,248765784129736,248765785376403,248765791509684,9740,779167,248765791509684,248765786252288,0,248765785376403,
2,133706325,248765788812945,248765788812945,0,248765788812945,248765788812945,248765788812945,248765788812945,248769569237379,248765788812945,8318914,13666666,248765792294788,248765792295674,248765792390830,248765793764632,248765800836403,8646,231094,248765800836403,248765794078746,0,248765793764632,
2,133706333,248765797131854,248765797131854,0,248765797131854,248765797131854,248765797131854,248765797131854,248769585875207,248765797131854,8318914,13666666,248765800666924,248765800668278,248765801011611,248765802460830,248765807918746,8958,178958,248765807918746,248765802736194,0,248765802460830,
2,133706341,248765805450763,248765805450763,0,248765805450763,248765805450763,248765805450763,248765805450763,248769602513035,248765805450763,8318914,13666666,248765809095205,248765809095674,248765809168746,248765810202913,248765819661507,8438,178698,248765819661507,248765810445205,0,248765810202913,
2,133706349,248765813769647,248765813769647,0,248765813769647,248765813769647,248765813769647,248765813769647,248769619150861,248765813769647,8318912,13666666,248765817269059,248765817269684,248765817342340,248765818236455,248765827258538,7605,1429011,248765827258538,248765819719476,0,248765818236455,
2,133706357,248765822088573,248765822088573,0,248765822088573,248765822088573,248765822088573,248765822088573,248769635788686,248765822088573,8318913,13666666,248765825547392,248765825548382,248765825616351,248765826480361,248765836611299,7813,829531,248765836611299,248765827382340,0,248765826480361,
2,133706365,248765830407473,248765830407473,0,248765830407473,248765830407473,248765830407473,248765830407473,248769652426511,248765830407473,8318912,13666666,248765833986715,248765833987496,248765834090049,248765835385674,248765841437496,8698,1250520,248765841437496,248765836732913,0,248765835385674,
2,133706373,248765838726384,248765838726384,0,248765838726384,248765838726384,248765838726384,248765838726384,248769669064335,248765838726384,8318912,13666666,248765842209892,248765842210674,248765842302757,248765843555621,248765853168486,8958,222917,248765853168486,248765843857392,0,248765843555621,
2,133706381,248765847045303,248765847045303,0,248765847045303,248765847045303,248765847045303,248765847045303,248769685702159,248765847045303,8318912,13666666,248765850520361,248765850521246,248765850609944,248765851857705,248765857952132,10260,1322813,248765857952132,248765853264267,0,248765851857705,
2,133706389,248765855364202,248765855364202,0,248765855364202,248765855364202,248765855364202,248765855364202,248769702339982,248765855364202,8318911,13666666,248765858910413,248765858911819,248765859028121,248765860406403,248765866983017,10104,275938,248765866983017,248765860773121,0,248765860406403,
2,133706397,248765863683116,248765863683116,0,248765863683116,248765863683116,248765863683116,248765863683116,248769718977804,248765863683116,8318911,13666666,248765867159319,248765867160413,248765867254059,248765868721663,248765874398642,8698,194531,248765874398642,248765868992601,0,248765868721663,
2,133706405,248765872002046,248765872002046,0,248765872002046,248765872002046,248765872002046,248765872002046,248769735615627,248765872002046,8318912,13666666,248765875476611,248765875477601,248765875566298,248765876636871,248765886718226,6042,158125,248765886718226,248765876859423,0,248765876636871,
2,133706413,248765880320941,248765880320941,0,248765880320941,248765880320941,248765880320941,248765880320941,248769752253450,248765880320941,8318911,13666666,248765883804215,248765883805153,248765883931819,248765885133121,248765891041767,7605,1624636,248765891041767,248765886856351,0,248765885133121,
2,133706421,248765888639868,248765888639868,0,248765888639868,248765888639868,248765888639868,248765888639868,248769768891273,248765888639868,8318912,13666666,248765892101923,248765892102757,248765892214267,248765893318486,248765903194996,5834,155521,248765903194996,248765893537340,0,248765893318486,
2,133706429,248765896958780,248765896958780,0,248765896958780,248765896958780,248765896958780,248765896958780,248769785529097,248765896958780,8318912,13666666,248765900443121,248765900444996,248765900521663,248765901661923,248765907793173,10521,1540677,248765907793173,248765903275673,0,248765901661923,
2,133706437,248765905277689,248765905277689,0,248765905277689,248765905277689,248765905277689,248765905277689,248769802166921,248765905277689,8318912,13666666,248765908811663,248765908813382,248765908966403,248765910660830,248765918219476,13645,576980,248765918219476,248765911379476,0,248765910660830,
2,133706445,248765913596600,248765913596600,0,248765913596600,248765913596600,248765913596600,248765913596600,248769818804745,248765913596600,8318912,13666666,248765917056767,248765917057601,248765917127705,248765918171403,248765927093538,6458,143958,248765927093538,248765918369996,0,248765918171403,
2,133706453,248765921915496,248765921915496,0,248765921915496,248765921915496,248765921915496,248765921915496,248769835442568,248765921915496,8318911,13666666,248765925395778,248765925397809,248765925511246,248765926713642,248765932930726,12240,382552,248765932930726,248765927180986,0,248765926713642,
2,133706461,248765930234394,248765930234394,0,248765930234394,248765930234394,248765930234394,248765930234394,248769852080389,248765930234394,8318910,13666666,248765933734476,248765933735517,248765933821923,248765935023278,248765940929736,10677,188906,248765940929736,248765935284163,0,248765935023278,
2,133706469,248765938553302,248765938553302,0,248765938553302,248765938553302,248765938553302,248765938553302,248769868718209,248765938553302,8318910,13666666,248765942032028,248765942033278,248765942118017,248765943385934,248765949483173,8021,220000,248765949483173,248765943691403,0,248765943385934,
2,133706477,248765946872216,248765946872216,0,248765946872216,248765946872216,248765946872216,248765946872216,248769885356029,248765946872216,8318910,13666666,248765950339892,248765950342236,248765950453173,248765951648330,248765957656871,11771,177968,248765957656871,248765951895621,0,248765951648330,
2,133706485,248765955191150,248765955191150,0,248765955191150,248765955191150,248765955191150,248765955191150,248769901993851,248765955191150,8318912,13666666,248765958695257,248765958696090,248765958773486,248765959914996,248765966145778,7708,253021,248765966145778,248765960248590,0,248765959914996,
2,133706493,248765963510064,248765963510064,0,248765963510064,248765963510064,248765963510064,248765963510064,248769918631675,248765963510064,8318912,13666666,248765966998017,248765966999476,248765967108330,248765968373694,248765974358486,9323,184010,248765974358486,248765968630778,0,248765968373694,
2,133706501,248765971828965,248765971828965,0,248765971828965,248765971828965,248765971828965,248765971828965,248769935269498,248765971828965,8318911,13666666,248765975286767,248765975287548,248765975373017,248765976606871,248765985890673,10625,206302,248765985890673,248765976887184,0,248765976606871,
2,133706509,248765980147865,248765980147865,0,248765980147865,248765980147865,248765980147865,248765980147865,248769951907319,248765980147865,8318910,13666666,248765983621923,248765983622913,248765983697548,248765984857340,248765990561663,9636,1048437,248765990561663,248765985986976,0,248765984857340,
2,133706517,248765988466776,248765988466776,0,248765988466776,248765988466776,248765988466776,248765988466776,248769968545139,248765988466776,8318910,13666666,248765992041715,248765992042548,248765992127080,248765993294163,248766002443069,10209,280417,248766002443069,248765993649371,0,248765993294163,
2,133706525,248765996785688,248765996785688,0,248765996785688,248765996785688,248765996785688,248765996785688,248769985182959,248765996785688,8318910,13666666,248766000251403,248766000252392,248766000326871,248766001469267,248766007419319,9636,986458,248766007419319,248766002534163,0,248766001469267,
2,133706533,248766005104586,248766005104586,0,248766005104586,248766005104586,248766005104586,248766005104586,248770001820778,248766005104586,8318909,13666666,248766008635726,248766008636871,248766008784423,248766010562080,248766016184788,14532,255469,248766016184788,248766010901923,0,248766010562080,
2,133706548,248766013423505,248766013423505,0,248766013423505,248766013423505,248766013423505,248766013423505,248770018458597,248766013423505,8318910,13666666,248766016905309,248766016906194,248766016988798,248766017882236,248766026970621,7343,140313,248766026970621,248766018073590,0,248766017882236,
2,133706563,248766021742419,248766021742419,0,248766021742419,248766021742419,248766021742419,248766021742419,248770035096417,248766021742419,8318910,13666666,248766025203121,248766025203694,248766025272288,248766026169215,248766035381611,6302,813333,248766035381611,248766027040361,0,248766026169215,
2,133706578,248766030061313,248766030061313,0,248766030061313,248766030061313,248766030061313,248766030061313,248770051734236,248766030061313,8318909,13666666,248766033533851,248766033534528,248766033616298,248766034749423,248766040662861,9063,636823,248766040662861,248766035462288,0,248766034749423,
2,133706593,248766038380249,248766038380249,0,248766038380249,248766038380249,248766038380249,248766038380249,248770068372056,248766038380249,8318911,13666666,248766041870673,248766041871767,248766041971715,248766043191142,248766049354892,10729,204114,248766049354892,248766043473538,0,248766043191142,
2,133706601,248766046699149,248766046699149,0,248766046699149,248766046699149,248766046699149,248766046699149,248770085009877,248766046699149,8318910,13666666,248766050186142,248766050186923,248766050271455,248766051393121,248766057312132,9218,187813,248766057312132,248766051651767,0,248766051393121,
2,133706609,248766055018072,248766055018072,0,248766055018072,248766055018072,248766055018072,248766055018072,248770101647698,248766055018072,8318911,13666666,248766058487757,248766058488382,248766058561351,248766059526871,248766065834736,8021,161875,248766065834736,248766059750569,0,248766059526871,
2,133706617,248766063336996,248766063336996,0,248766063336996,248766063336996,248766063336996,248766063336996,248770118285521,248766063336996,8318912,13666666,248766066885882,248766066887184,248766066986559,248766068944371,248766076485986,9948,431562,248766076485986,248766069509632,0,248766068944371,
2,133706632,248766071655907,248766071655907,0,248766071655907,248766071655907,248766071655907,248766071655907,248770134923345,248766071655907,8318912,13666666,248766075109788,248766075111090,248766075182340,248766075913173,248766084551923,7500,626667,248766084551923,248766076590830,0,248766075913173,
2,133706647,248766079974819,248766079974819,0,248766079974819,248766079974819,248766079974819,248766079974819,248770151561169,248766079974819,8318912,13666666,248766083428434,248766083429059,248766083503382,248766084389111,248766092979996,6615,157969,248766092979996,248766084594528,0,248766084389111,
2,133706655,248766088293703,248766088293703,0,248766088293703,248766088293703,248766088293703,248766088293703,248770168198991,248766088293703,8318910,13666666,248766091741403,248766091741975,248766091808278,248766092527184,248766101165048,7083,463489,248766101165048,248766093036507,0,248766092527184,
2,133706663,248766096612599,248766096612599,0,248766096612599,248766096612599,248766096612599,248766096612599,248770184836810,248766096612599,8318909,13666666,248766100064423,248766100065465,248766100149788,248766100885673,248766109514267,9062,364011,248766109514267,248766101327236,0,248766100885673,
2,133706671,248766104931494,248766104931494,0,248766104931494,248766104931494,248766104931494,248766104931494,248770201474627,248766104931494,8318908,13666666,248766108399580,248766108400934,248766108453798,248766108979788,248766117045100,5833,540416,248766117045100,248766109555830,0,248766108979788,
2,133706679,248766113250371,248766113250371,0,248766113250371,248766113250371,248766113250371,248766113250371,248770218112441,248766113250371,8318906,13666666,248766116687236,248766116687600,248766116764684,248766117275153,248766126153069,3750,79792,248766126153069,248766117382496,0,248766117275153,
0,133706687,248766121569277,248766121569277,0,248766121946350,248766121947653,248766121951090,248766122008955,248770234750253,248766121917965,8318906,13666666,248766122252080,248766122314371,248766122444528,248766123418955,248766134595517,6927,2733594,248766134595517,248766126218330,0,248766123418955,
0,133706702,248766129888202,248766129888202,0,248766130369319,248766130370413,248766130373903,248766130426819,248770251388066,248766130346403,8318907,13666666,248766130652965,248766130698642,248766130795361,248766131639788,248766142890986,6094,2972604,248766142890986,248766134672705,0,248766131639788,
32,133706726,248766313236030,248766313236030,-339244280,248766313443069,248766313443694,248766313596142,248766313630569,248770268040306,248766313426350,8333333,13666666,248766313790152,248766313808382,248766313897132,248766314598746,248766316714371,11354,119739,248766316714371,248766314769423,0,248766314598746,
32,133706734,248766321623333,248766321623333,0,248766321771819,248766321772184,248766321867913,248766321893955,248770284706972,248766321761923,8333333,13666666,248766322016246,248766322031402,248766322090777,248766322512548,248766324578798,4740,79114,248766324578798,248766322615361,0,248766322512548,
32,133706742,248766329956666,248766329956666,0,248766330159684,248766330160048,248766330278955,248766330313486,248770301373638,248766330144944,8333333,13666666,248766330450830,248766330495830,248766330568277,248766331122184,248766333382496,4271,111979,248766333382496,248766331270205,0,248766331122184,
32,133706750,248766338289999,248766338289999,0,248766338477132,248766338477548,248766338581455,248766338608694,248770318040304,248766338464892,8333333,13666666,248766338737392,248766338759267,248766338825152,248766339277236,248766341625517,4115,91302,248766341625517,248766339400934,0,248766339277236,
32,133706758,248766346623332,248766346623332,0,248766346792288,248766346792705,248766346892757,248766346919840,248770334706970,248766346779996,8333333,13666666,248766347043486,248766347062027,248766347128382,248766347569840,248766350614840,3385,88646,248766350614840,248766347688173,0,248766347569840,
32,133706766,248766354956665,248766354956665,0,248766355126663,248766355127027,248766355224475,248766355250465,248770351246017,248766355114423,8205714,13666666,248766355365621,248766355390205,248766355453850,248766355901090,248766359182184,3646,105365,248766359182184,248766356037340,0,248766355901090,
32,133706781,248766361764475,248766361764475,0,248766362237027,248766362237757,248766362437444,248766362481715,248770367669510,248766362216142,8217779,13666666,248766362675413,248766362711350,248766362812861,248766363485361,248766366019319,7448,135052,248766366019319,248766363671142,0,248766363485361,
32,133706789,248766370070731,248766370070731,0,248766370328694,248766370329267,248766370472705,248766370509423,248770384105068,248766370310309,8217779,13666666,248766370684736,248766370707548,248766370796663,248766371306767,248766373644267,4844,118489,248766373644267,248766371466871,0,248766371306767,
32,133706804,248766378409605,248766378409605,0,248766378682600,248766378683069,248766378803590,248766378832861,248770400554081,248766378664788,8231234,13666666,248766378984371,248766379015777,248766379103902,248766379641663,248766382547027,6667,117916,248766382547027,248766379806767,0,248766379641663,
32,133706819,248766386757999,248766386757999,0,248766386918486,248766386918694,248766387067340,248766387094788,248770417028669,248766386902080,8243354,13666666,248766387261715,248766387280621,248766387358642,248766387828538,248766390172080,4844,114375,248766390172080,248766387981975,0,248766387828538,
32,133706841,248766395001353,248766395001353,0,248766395319684,248766395320465,248766395494892,248766395526507,248770433515377,248766395303069,8243354,13666666,248766395668694,248766395683902,248766395760569,248766396173746,248766407859996,5208,87656,248766407859996,248766396294423,0,248766396173746,
32,133706863,248766403531716,248766403531716,0,248766403650725,248766403651194,248766403787600,248766403814788,248770450028081,248766403636715,8269350,13666666,248766403973121,248766403994371,248766404084580,248766404495465,248766417694996,3906,3364427,248766417694996,248766407897340,0,248766404495465,
32,133706885,248766411801066,248766411801066,0,248766411986871,248766411987027,248766412120830,248766412145517,248770466572723,248766411975986,8275292,13666666,248766412284163,248766412312548,248766412388694,248766412777548,248766425368121,5521,4917343,248766425368121,248766417735621,0,248766412777548,
32,133706907,248766420143703,248766420143703,0,248766420314892,248766420315152,248766420437132,248766420461246,248770483123307,248766420303069,8275292,13666666,248766420595725,248766420615673,248766420683798,248766421049319,248766435494215,4584,4320468,248766435494215,248766425403017,0,248766421049319,
32,133706936,248766428483774,248766428483774,0,248766428611923,248766428612340,248766428707600,248766428728173,248770499678874,248766428600986,8280275,13666666,248766428847444,248766428866767,248766428928121,248766429242548,248766443817236,3593,6263125,248766443817236,248766435545725,0,248766429242548,
32,133706958,248766436821502,248766436821502,0,248766436955309,248766436955517,248766437060673,248766437081975,248770516243628,248766436944371,8284479,13666666,248766437197236,248766437216559,248766437282496,248766437616350,248766450826767,3855,6210833,248766450826767,248766443866767,0,248766437616350,
32,133706987,248766445157181,248766445157181,0,248766445275257,248766445275621,248766445367705,248766445387965,248770532816158,248766445264475,8288051,13666666,248766445497757,248766445515830,248766445604788,248766445931871,248766457375882,3385,4953438,248766457375882,248766450927705,0,248766445931871,
32,133707009,248766453491087,248766453491087,0,248766453648069,248766453648330,248766453755621,248766453779475,248770549395317,248766453634371,8291108,13666666,248766453906194,248766453922444,248766453988642,248766454313590,248766459104267,3854,3070364,248766459104267,248766457417809,0,248766454313590,
32,133707038,248766461823462,248766461823462,0,248766461968955,248766461969215,248766462093798,248766462122600,248770565980167,248766461957080,8293742,13666666,248766462258173,248766462282236,248766462349267,248766462688902,248766468053746,4218,68958,248766468053746,248766462788434,0,248766462688902,
32,133707060,248766470154492,248766470154492,0,248766470317548,248766470317757,248766470456767,248766470479580,248770582569934,248766470305465,8296025,13666666,248766470607861,248766470624423,248766470694111,248766471048538,248766475284944,6875,77188,248766475284944,248766471159215,0,248766471048538,
32,133707089,248766478484348,248766478484348,0,248766478646090,248766478646298,248766478757861,248766478781715,248770599163974,248766478631507,8298015,13666666,248766478915830,248766478938121,248766479018069,248766479348069,248766488602965,3959,70730,248766488602965,248766479451455,0,248766479348069,
32,133707111,248766486939329,248766486939329,0,248766487152340,248766487152600,248766487280673,248766487303642,248770615773599,248766487137548,8311610,13666666,248766487446455,248766487479996,248766487550621,248766487875830,248766493377965,3646,728490,248766493377965,248766488636455,0,248766487875830,
32,133707140,248766495250939,248766495250939,0,248766495452236,248766495452496,248766495560725,248766495586142,248770632396819,248766495440569,8311610,13666666,248766495715569,248766495736142,248766495805152,248766496146246,248766501496142,3802,69531,248766501496142,248766496245048,0,248766496146246,
32,133707162,248766503601959,248766503601959,0,248766503759840,248766503760100,248766503883850,248766503910152,248770649023238,248766503746663,8314809,13666666,248766504088017,248766504110048,248766504174423,248766504538746,248766508316142,5052,85885,248766508316142,248766504658902,0,248766504538746,
32,133707191,248766511916768,248766511916768,0,248766512140882,248766512141142,248766512254632,248766512282288,248770665652856,248766512127184,8314809,13666666,248766512419527,248766512441194,248766512532184,248766512882288,248766517454736,4531,91927,248766517454736,248766513006923,0,248766512882288,
32,133707213,248766520254325,248766520254325,0,248766520430882,248766520431090,248766520545777,248766520568746,248770682284418,248766520417704,8316753,13666666,248766520693850,248766520716142,248766520782444,248766521104007,248766525047809,4166,71198,248766525047809,248766521205621,0,248766521104007,
32,133707242,248766528594841,248766528594841,0,248766528801298,248766528801559,248766528910048,248766528935152,248770698920084,248766528789840,8318913,13666666,248766529060257,248766529076715,248766529143902,248766529464996,248766533431038,4427,74688,248766533431038,248766529570673,0,248766529464996,
32,133707264,248766536913775,248766536913775,0,248766537134215,248766537134475,248766537253069,248766537279215,248770715557912,248766537120934,8318915,13666666,248766537409111,248766537425934,248766537487079,248766537852288,248766541257027,5521,99792,248766541257027,248766537993746,0,248766537852288,
32,133707293,248766545232690,248766545232690,0,248766545461819,248766545462079,248766545562236,248766545583277,248770732195742,248766545450361,8318915,13666666,248766545696142,248766545713486,248766545774215,248766546138902,248766550261715,3854,83594,248766550261715,248766546251454,0,248766546138902,
32,133707315,248766553551598,248766553551598,0,248766553751819,248766553752079,248766553868486,248766553892704,248770748833572,248766553739007,8318915,13666666,248766554015777,248766554038173,248766554104579,248766554403225,248766557882913,4479,72396,248766557882913,248766554503954,0,248766554403225,
32,133707344,248766561870513,248766561870513,0,248766562107548,248766562107809,248766562214840,248766562239371,248770765471402,248766562093694,8318915,13666666,248766562349527,248766562380048,248766562447392,248766562738434,248766566870361,3646,76041,248766566870361,248766562844736,0,248766562738434,
---PROFILEDATA---


View hierarchy:

  gov.anzong.androidnga/gov.anzong.androidnga.activity.MainActivity/android.view.ViewRootImpl@c6a784d
  11 views, 20.89 kB of render nodes


  Dynamic VRI BBQ Log.  render_draw: false  hdr_dimmer: false  blur_blend: false  hwui_window_decor: false  sync_barrier: false

Total ViewRootImpl   : 1
Total attached Views : 11
Total RenderNode     : 20.89 kB (used) / 57.02 kB (capacity)

