Applications Graphics Acceleration Info:
Uptime: 248639317 Realtime: 686833819

** Graphics info for pid 10128 [com.chasel.ng2] **

Stats since: 248608697476931ns
Total frames rendered: 3810
Janky frames: 1 (0.03%)
Janky frames (legacy): 112 (2.94%)
50th percentile: 10ms
90th percentile: 10ms
95th percentile: 12ms
99th percentile: 18ms
Number Missed Vsync: 0
Number High input latency: 7600
Number Slow UI thread: 0
Number Slow bitmap uploads: 0
Number Slow issue draw commands: 1
Number Frame deadline missed: 1
Number Frame deadline missed (legacy): 0
HISTOGRAM: 5ms=352 6ms=120 7ms=58 8ms=72 9ms=1246 10ms=1616 11ms=94 12ms=102 13ms=32 14ms=12 15ms=8 16ms=4 17ms=14 18ms=42 19ms=16 20ms=10 21ms=4 22ms=2 23ms=2 24ms=0 25ms=0 26ms=0 27ms=4 28ms=0 29ms=0 30ms=0 31ms=0 32ms=0 34ms=0 36ms=0 38ms=0 40ms=0 42ms=0 44ms=0 46ms=0 48ms=0 53ms=0 57ms=0 61ms=0 65ms=0 69ms=0 73ms=0 77ms=0 81ms=0 85ms=0 89ms=0 93ms=0 97ms=0 101ms=0 105ms=0 109ms=0 113ms=0 117ms=0 121ms=0 125ms=0 129ms=0 133ms=0 150ms=0 200ms=0 250ms=0 300ms=0 350ms=0 400ms=0 450ms=0 500ms=0 550ms=0 600ms=0 650ms=0 700ms=0 750ms=0 800ms=0 850ms=0 900ms=0 950ms=0 1000ms=0 1050ms=0 1100ms=0 1150ms=0 1200ms=0 1250ms=0 1300ms=0 1350ms=0 1400ms=0 1450ms=0 1500ms=0 1550ms=0 1600ms=0 1650ms=0 1700ms=0 1750ms=0 1800ms=0 1850ms=0 1900ms=0 1950ms=0 2000ms=0 2050ms=0 2100ms=0 2150ms=0 2200ms=0 2250ms=0 2300ms=0 2350ms=0 2400ms=0 2450ms=0 2500ms=0 2550ms=0 2600ms=0 2650ms=0 2700ms=0 2750ms=0 2800ms=0 2850ms=0 2900ms=0 2950ms=0 3000ms=0 3050ms=0 3100ms=0 3150ms=0 3200ms=0 3250ms=0 3300ms=0 3350ms=0 3400ms=0 3450ms=0 3500ms=0 3550ms=0 3600ms=0 3650ms=0 3700ms=0 3750ms=0 3800ms=0 3850ms=0 3900ms=0 3950ms=0 4000ms=0 4050ms=0 4100ms=0 4150ms=0 4200ms=0 4250ms=0 4300ms=0 4350ms=0 4400ms=0 4450ms=0 4500ms=0 4550ms=0 4600ms=0 4650ms=0 4700ms=0 4750ms=0 4800ms=0 4850ms=0 4900ms=0 4950ms=0
50th gpu percentile: 6ms
90th gpu percentile: 8ms
95th gpu percentile: 9ms
99th gpu percentile: 14ms
GPU HISTOGRAM: 1ms=4 2ms=234 3ms=232 4ms=64 5ms=450 6ms=1942 7ms=492 8ms=154 9ms=88 10ms=30 11ms=20 12ms=12 13ms=24 14ms=42 15ms=14 16ms=4 17ms=0 18ms=0 19ms=0 20ms=0 21ms=0 22ms=0 23ms=2 24ms=0 25ms=2 4950ms=0

Pipeline=Skia (Vulkan)
Memory policy:
  Max surface area: 3240320
  Max resource usage: 466.61MB (x48)
  Background retention: 50% (altUiHidden = true)
  GPU Context timeout: 10
Contexts: 2 (stopped = 1)
CPU Caches:
  Glyph Cache: 7.46 MB (1 entry)
  Glyph Count: 109 
Total CPU memory usage:
  7823171 bytes, 7.46 MB (0.00 bytes is purgeable)
GPU Caches:
  Other:
    Other: 20.91 KB (1 entry)
    GrVkImage: 256.00 KB (1 entry)
    Buffer Object: 464.00 bytes (2 entries)
  Image:
    Surface: 253.50 KB (6 entries)
  Scratch:
    GrVkTextureRenderTarget: 59.94 MB (5 entries)
    Surface: 2.00 MB (2 entries)
    GrVkImage: 0.00 bytes (13 entries)
    Buffer Object: 271.12 KB (11 entries)
Total GPU memory usage:
  65774064 bytes, 62.73 MB (384.45 KB is purgeable)
Detail dimensions: 
Buffer Object:				49152		{0x0}	1
GrVkImage:				0		{2048x1024}	1
GrVkImage:				0		{104x104}	6
GrVkImage:				0		{512x1}	1
Surface:				512		{512x1}	1
Buffer Object:				30720		{0x0}	1
Surface:				2097152		{2048x1024}	1
Buffer Object:				384		{0x0}	3
GrVkImage:				0		{1220x2656}	4
GrVkTextureRenderTarget:				12961280		{1220x2656}	4
GrVkTextureRenderTarget:				11010048		{1024x2688}	1
GrVkImage:				0		{1024x2688}	1
Surface:				43264		{104x104}	6
Buffer Object:				32768		{0x0}	6
Buffer Object:				272		{0x0}	1
Buffer Object:				192		{0x0}	1
GrVkImage:				262144		{256x256}	1

GraphicBufferAllocator buffers:
            Handle |         Size |     W (Stride) x H | Layers |   Format |      Usage | Requestor
0xb400007badc3eb00 | 13280.00 KiB | 1220 (1280) x 2656 |      1 |        1 | 0x10000b00 | VRI[MainActivity]#4(BLAST Consumer)4
0xb400007badcafa70 | 13280.00 KiB | 1220 (1280) x 2656 |      1 |        1 | 0x10000b00 | VRI[MainActivity]#4(BLAST Consumer)4
0xb400007badcdbd30 | 13280.00 KiB | 1220 (1280) x 2656 |      1 |        1 | 0x10000b00 | VRI[MainActivity]#4(BLAST Consumer)4
0xb400007badcecb60 | 13280.00 KiB | 1220 (1280) x 2656 |      1 |        1 | 0x10000b00 | VRI[MainActivity]#4(BLAST Consumer)4
Total allocated by GraphicBufferAllocator (estimate): 53120.00 KB
Imported gralloc buffers:
+ name:VRI[MainActivity]#4(BLAST Consumer)4, id:256191, size:13364.00KiB, w/h:1220x2656, usage: 0x10000b00, req fmt:1, fourcc/mod:0/0, dataspace: 0x8810000, compressed: true
+ name:VRI[MainActivity]#4(BLAST Consumer)4, id:256190, size:13364.00KiB, w/h:1220x2656, usage: 0x10000b00, req fmt:1, fourcc/mod:0/0, dataspace: 0x8810000, compressed: true
+ name:VRI[MainActivity]#4(BLAST Consumer)4, id:256189, size:13364.00KiB, w/h:1220x2656, usage: 0x10000b00, req fmt:1, fourcc/mod:0/0, dataspace: 0x8810000, compressed: true
+ name:VRI[MainActivity]#4(BLAST Consumer)4, id:256188, size:13364.00KiB, w/h:1220x2656, usage: 0x10000b00, req fmt:1, fourcc/mod:0/0, dataspace: 0x8810000, compressed: true
Total imported by gralloc: 53456.00KiB

Profile data in ms:

	com.chasel.ng2/com.chasel.ng2.MainActivity/android.view.ViewRootImpl@a887347 (visibility=0)
Window: com.chasel.ng2/com.chasel.ng2.MainActivity
Stats since: 248608697476827ns
Total frames rendered: 3810
Janky frames: 1 (0.03%)
Janky frames (legacy): 112 (2.94%)
50th percentile: 10ms
90th percentile: 10ms
95th percentile: 12ms
99th percentile: 18ms
Number Missed Vsync: 0
Number High input latency: 7600
Number Slow UI thread: 0
Number Slow bitmap uploads: 0
Number Slow issue draw commands: 1
Number Frame deadline missed: 1
Number Frame deadline missed (legacy): 0
HISTOGRAM: 5ms=352 6ms=120 7ms=58 8ms=72 9ms=1246 10ms=1616 11ms=94 12ms=102 13ms=32 14ms=12 15ms=8 16ms=4 17ms=14 18ms=42 19ms=16 20ms=10 21ms=4 22ms=2 23ms=2 24ms=0 25ms=0 26ms=0 27ms=4 28ms=0 29ms=0 30ms=0 31ms=0 32ms=0 34ms=0 36ms=0 38ms=0 40ms=0 42ms=0 44ms=0 46ms=0 48ms=0 53ms=0 57ms=0 61ms=0 65ms=0 69ms=0 73ms=0 77ms=0 81ms=0 85ms=0 89ms=0 93ms=0 97ms=0 101ms=0 105ms=0 109ms=0 113ms=0 117ms=0 121ms=0 125ms=0 129ms=0 133ms=0 150ms=0 200ms=0 250ms=0 300ms=0 350ms=0 400ms=0 450ms=0 500ms=0 550ms=0 600ms=0 650ms=0 700ms=0 750ms=0 800ms=0 850ms=0 900ms=0 950ms=0 1000ms=0 1050ms=0 1100ms=0 1150ms=0 1200ms=0 1250ms=0 1300ms=0 1350ms=0 1400ms=0 1450ms=0 1500ms=0 1550ms=0 1600ms=0 1650ms=0 1700ms=0 1750ms=0 1800ms=0 1850ms=0 1900ms=0 1950ms=0 2000ms=0 2050ms=0 2100ms=0 2150ms=0 2200ms=0 2250ms=0 2300ms=0 2350ms=0 2400ms=0 2450ms=0 2500ms=0 2550ms=0 2600ms=0 2650ms=0 2700ms=0 2750ms=0 2800ms=0 2850ms=0 2900ms=0 2950ms=0 3000ms=0 3050ms=0 3100ms=0 3150ms=0 3200ms=0 3250ms=0 3300ms=0 3350ms=0 3400ms=0 3450ms=0 3500ms=0 3550ms=0 3600ms=0 3650ms=0 3700ms=0 3750ms=0 3800ms=0 3850ms=0 3900ms=0 3950ms=0 4000ms=0 4050ms=0 4100ms=0 4150ms=0 4200ms=0 4250ms=0 4300ms=0 4350ms=0 4400ms=0 4450ms=0 4500ms=0 4550ms=0 4600ms=0 4650ms=0 4700ms=0 4750ms=0 4800ms=0 4850ms=0 4900ms=0 4950ms=0
50th gpu percentile: 6ms
90th gpu percentile: 8ms
95th gpu percentile: 9ms
99th gpu percentile: 14ms
GPU HISTOGRAM: 1ms=4 2ms=234 3ms=232 4ms=64 5ms=450 6ms=1942 7ms=492 8ms=154 9ms=88 10ms=30 11ms=20 12ms=12 13ms=24 14ms=42 15ms=14 16ms=4 17ms=0 18ms=0 19ms=0 20ms=0 21ms=0 22ms=0 23ms=2 24ms=0 25ms=2 4950ms=0


RenderLite trim renderNode error: 0

---PROFILEDATA---
Flags,FrameTimelineVsyncId,IntendedVsync,Vsync,InputEventId,HandleInputStart,AnimationStart,PerformTraversalsStart,DrawStart,FrameDeadline,FrameStartTime,FrameInterval,WorkloadTarget,SyncQueued,SyncStart,IssueDrawCommandsStart,SwapBuffers,FrameCompleted,DequeueBufferDuration,QueueBufferDuration,GpuCompleted,SwapBuffersCompleted,DisplayPresentTime,CommandSubmissionCompleted,
32,133647382,248637252723666,248637252723666,0,248637253380723,248637253381660,248637254778639,248637254852493,248639608854882,248637253357702,8333333,13666666,248637254947441,248637255053795,248637255381868,248637256470931,248637262708379,10937,246615,248637262708379,248637256792806,0,248637256470931,
32,133647397,248637261056999,248637261056999,0,248637262011139,248637262013431,248637263670358,248637263749473,248639625521548,248637261966764,8333333,13666666,248637264091764,248637264188483,248637264768587,248637265801452,248637270535827,10729,211146,248637270535827,248637266087545,0,248637265801452,
32,133647412,248637269390332,248637269390332,0,248637269972441,248637269973483,248637271379212,248637271451400,248639642188214,248637269945618,8333333,13666666,248637271544941,248637271653223,248637272236191,248637273568691,248637279382962,6354,235312,248637279382962,248637273993587,0,248637273568691,
32,133647427,248637277723665,248637277723665,0,248637278289837,248637278290879,248637279914420,248637280000045,248639658854880,248637278251504,8333333,13666666,248637280146139,248637280226816,248637280696764,248637282041348,248637287393639,11042,226719,248637287393639,248637282347441,0,248637282041348,
32,133647442,248637286056998,248637286056998,0,248637286871868,248637286872858,248637288502598,248637288588483,248639675507213,248637286836035,8319000,13666666,248637288624056,248637288694577,248637289116191,248637290129264,248637296064733,6354,267500,248637296064733,248637290478900,0,248637290129264,
32,133647457,248637294247001,248637294247001,0,248637295110670,248637295111660,248637296664577,248637296754733,248639692145213,248637295075670,8319000,13666666,248637296794525,248637296917598,248637297328535,248637298568118,248637304559941,7708,223282,248637304559941,248637298862598,0,248637298568118,
32,133647472,248637302566001,248637302566001,0,248637302903483,248637302904368,248637304321660,248637304405879,248639708783213,248637302877650,8319000,13666666,248637304439316,248637304508118,248637304911660,248637305920514,248637312716660,10833,246510,248637312716660,248637306246816,0,248637305920514,
32,133647487,248637310725614,248637310725614,0,248637311518483,248637311519368,248637313343275,248637313447598,248639725404731,248637311463691,8302518,13666666,248637313500566,248637313552858,248637314039160,248637315181556,248637320598066,16250,186302,248637320598066,248637315432702,0,248637315181556,
32,133647502,248637318995211,248637318995211,0,248637319846764,248637319847650,248637321056400,248637321120879,248639742007268,248637319822285,8300019,13666666,248637321148900,248637321223848,248637321496660,248637322287389,248637329201504,7396,152604,248637329201504,248637322495254,0,248637322287389,
32,133647517,248637327300663,248637327300663,0,248637327744004,248637327744785,248637329373639,248637329467754,248639758607297,248637327724941,8300010,13666666,248637329836816,248637329862910,248637330224525,248637331511973,248637337560098,7917,278854,248637337560098,248637331874368,0,248637331511973,
32,133647532,248637335604440,248637335604440,0,248637336559993,248637336560983,248637337967233,248637338043587,248639775208082,248637336494160,8300775,13666666,248637338160306,248637338235150,248637338570150,248637339613587,248637346008118,11198,198906,248637346008118,248637339888952,0,248637339613587,
32,133647547,248637343919208,248637343919208,0,248637344585410,248637344586400,248637346799316,248637346922962,248639791810667,248637344558379,8301810,13666666,248637347060618,248637347080879,248637347494056,248637348521608,248637353941868,10052,211771,248637353941868,248637348810045,0,248637348521608,
32,133647562,248637352235162,248637352235162,0,248637352719941,248637352720723,248637354080879,248637354167181,248639808415398,248637352700254,8302921,13666666,248637354289004,248637354331452,248637354656712,248637355652962,248637362902545,7917,357656,248637362902545,248637356094889,0,248637355652962,
32,133647577,248637360561147,248637360561147,0,248637361570931,248637361571868,248637363513483,248637363623118,248639825022338,248637361530514,8304019,13666666,248637363751556,248637363762910,248637364265202,248637365423014,248637370765827,10833,274688,248637370765827,248637365786243,0,248637365423014,
32,133647592,248637368879996,248637368879996,0,248637370002025,248637370003014,248637371400723,248637371470879,248639841631427,248637369984525,8305070,13666666,248637371568066,248637371636816,248637372045150,248637373058535,248637380406295,8021,210052,248637380406295,248637373457337,0,248637373058535,
32,133647607,248637377192973,248637377192973,0,248637377907702,248637377908743,248637380202858,248637380303743,248639858242553,248637377863743,8306056,13666666,248637380427337,248637380439056,248637380879525,248637382052962,248637387470358,11927,207917,248637387470358,248637382337545,0,248637382052962,
32,133647622,248637385513515,248637385513515,0,248637386666191,248637386667181,248637388356868,248637388457285,248639874855579,248637386639941,8306970,13666666,248637388589473,248637388617650,248637389067181,248637390734264,248637395881191,11667,342032,248637395881191,248637391159264,0,248637390734264,
32,133647637,248637393835306,248637393835306,0,248637394649525,248637394650775,248637396616920,248637396699681,248639891470360,248637394607806,8307811,13666666,248637396813952,248637396837337,248637397241608,248637398380202,248637404173587,7969,200781,248637404173587,248637398654473,0,248637398380202,
32,133647652,248637402158104,248637402158104,0,248637402774108,248637402775358,248637404574681,248637404661348,248639908086755,248637402746868,8308584,13666666,248637404773743,248637404846764,248637405236868,248637406320358,248637413421972,7916,251771,248637413421972,248637406658379,0,248637406320358,
32,133647667,248637410479944,248637410479944,0,248637411366035,248637411367285,248637413499368,248637413605775,248639924704631,248637411330306,8309292,13666666,248637413754472,248637413780045,248637414293275,248637415902754,248637420789368,13489,288593,248637420789368,248637416256400,0,248637415902754,
32,133647682,248637418797598,248637418797598,0,248637419289472,248637419290722,248637420832754,248637420889681,248639941323863,248637419267025,8309940,13666666,248637420964316,248637421012077,248637421276660,248637422025775,248637428996556,6511,146667,248637428996556,248637422227910,0,248637422025775,
32,133647697,248637427120588,248637427120588,0,248637427608066,248637427609108,248637428845827,248637428927545,248639957944510,248637427586243,8310707,13666666,248637428964108,248637429051868,248637429436920,248637430731139,248637437642025,10625,299948,248637437642025,248637431111139,0,248637430731139,
2,133647719,248637435446543,248637435446543,0,248637435446543,248637435446543,248637435446543,248637435446543,248639974566915,248637435446543,8311698,13666666,248637438946764,248637438947754,248637439296608,248637440652910,248637445720254,11771,223333,248637445720254,248637440958952,0,248637440652910,
2,133647734,248637443775905,248637443775905,0,248637443775905,248637443775905,248637443775905,248637443775905,248639991191564,248637443775905,8312951,13666666,248637447268118,248637447269941,248637447834681,248637448976920,248637453979368,7864,208854,248637453979368,248637449268275,0,248637448976920,
2,133647749,248637452109286,248637452109286,0,248637452109286,248637452109286,248637452109286,248637452109286,248640007819031,248637452109286,8314516,13666666,248637455574264,248637455575150,248637456124316,248637457207389,248637462629577,9948,190833,248637462629577,248637457474941,0,248637457207389,
2,133647764,248637460447611,248637460447611,0,248637460447611,248637460447611,248637460447611,248637460447611,248640024450015,248637460447611,8316468,13666666,248637463920775,248637463922754,248637464397389,248637465310618,248637470486035,6198,173750,248637470486035,248637465550097,0,248637465310618,
2,133647779,248637468792200,248637468792200,0,248637468792200,248637468792200,248637468792200,248637468792200,248640041085396,248637468792200,8318913,13666666,248637472246295,248637472247025,248637472569004,248637473660670,248637482896556,6250,202240,248637482896556,248637473924472,0,248637473660670,
2,133647794,248637477111114,248637477111114,0,248637477111114,248637477111114,248637477111114,248637477111114,248640057723222,248637477111114,8318913,13666666,248637480631816,248637480632650,248637480946712,248637482091556,248637487095097,9688,877865,248637487095097,248637483085150,0,248637482091556,
2,133647809,248637485430025,248637485430025,0,248637485430025,248637485430025,248637485430025,248637485430025,248640074361048,248637485430025,8318913,13666666,248637488915670,248637488916712,248637489231920,248637490428847,248637495641504,7031,195625,248637495641504,248637490698066,0,248637490428847,
2,133647824,248637493748910,248637493748910,0,248637493748910,248637493748910,248637493748910,248637493748910,248640090998872,248637493748910,8318911,13666666,248637497245983,248637497247077,248637497631920,248637499024420,248637503860775,8333,223854,248637503860775,248637499337129,0,248637499024420,
2,133647839,248637502067826,248637502067826,0,248637502067826,248637502067826,248637502067826,248637502067826,248640107636694,248637502067826,8318911,13666666,248637505527285,248637505527962,248637506065775,248637507017181,248637512342650,11770,197656,248637512342650,248637507282233,0,248637507017181,
2,133647854,248637510386753,248637510386753,0,248637510386753,248637510386753,248637510386753,248637510386753,248640124274517,248637510386753,8318912,13666666,248637513864004,248637513864785,248637514248691,248637515480931,248637520589525,9219,200990,248637520589525,248637515806295,0,248637515480931,
2,133647869,248637518705679,248637518705679,0,248637518705679,248637518705679,248637518705679,248637518705679,248640140912342,248637518705679,8318913,13666666,248637522185618,248637522186556,248637522662650,248637523803847,248637528795097,12500,218177,248637528795097,248637524097129,0,248637523803847,
2,133647884,248637527024576,248637527024576,0,248637527024576,248637527024576,248637527024576,248637527024576,248640157550167,248637527024576,8318912,13666666,248637530502858,248637530504004,248637530838066,248637532099733,248637537511191,8438,220677,248637537511191,248637532394264,0,248637532099733,
2,133647899,248637535343475,248637535343475,0,248637535343475,248637535343475,248637535343475,248637535343475,248640174187990,248637535343475,8318911,13666666,248637538836087,248637538837077,248637539159889,248637540487025,248637546438170,7031,234010,248637546438170,248637540807597,0,248637540487025,
2,133647914,248637543662384,248637543662384,0,248637543662384,248637543662384,248637543662384,248637543662384,248640190825812,248637543662384,8318911,13666666,248637547124316,248637547125150,248637547456191,248637548704472,248637553668639,9739,205990,248637553668639,248637548985670,0,248637548704472,
2,133647929,248637551981295,248637551981295,0,248637551981295,248637551981295,248637551981295,248637551981295,248640207463634,248637551981295,8318911,13666666,248637555480097,248637555481504,248637555838691,248637556948222,248637562652493,12552,203229,248637562652493,248637557225097,0,248637556948222,
2,133647944,248637560300209,248637560300209,0,248637560300209,248637560300209,248637560300209,248637560300209,248640224101456,248637560300209,8318911,13666666,248637563773847,248637563774577,248637564234837,248637565355931,248637570280254,11563,231146,248637570280254,248637565670097,0,248637565355931,
2,133647959,248637568619107,248637568619107,0,248637568619107,248637568619107,248637568619107,248637568619107,248640240739277,248637568619107,8318910,13666666,248637572108170,248637572108847,248637572545775,248637573602962,248637579172702,11354,199948,248637579172702,248637573875670,0,248637573602962,
2,133647974,248637576938015,248637576938015,0,248637576938015,248637576938015,248637576938015,248637576938015,248640257377097,248637576938015,8318910,13666666,248637580430202,248637580431035,248637580749941,248637581714056,248637586908014,8646,211354,248637586908014,248637582006920,0,248637581714056,
2,133647989,248637585256944,248637585256944,0,248637585256944,248637585256944,248637585256944,248637585256944,248640274014918,248637585256944,8318911,13666666,248637588728170,248637588728900,248637589124004,248637590134681,248637595578327,9583,198229,248637595578327,248637590408900,0,248637590134681,
2,133648004,248637593575863,248637593575863,0,248637593575863,248637593575863,248637593575863,248637593575863,248640290652740,248637593575863,8318911,13666666,248637597062962,248637597063900,248637597434889,248637598460879,248637603637910,9271,193541,248637603637910,248637598732077,0,248637598460879,
2,133648019,248637601894782,248637601894782,0,248637601894782,248637601894782,248637601894782,248637601894782,248640307290563,248637601894782,8318912,13666666,248637605369368,248637605370566,248637605781556,248637606883535,248637612189941,10989,189688,248637612189941,248637607194368,0,248637606883535,
2,133648034,248637610213708,248637610213708,0,248637610213708,248637610213708,248637610213708,248637610213708,248640323928388,248637610213708,8318913,13666666,248637613704785,248637613705670,248637614032910,248637615037650,248637620181764,9480,222864,248637620181764,248637615343847,0,248637615037650,
2,133648049,248637618532605,248637618532605,0,248637618532605,248637618532605,248637618532605,248637618532605,248640340566213,248637618532605,8318912,13666666,248637622017962,248637622018639,248637622283639,248637623345722,248637628629108,8594,167500,248637628629108,248637623581035,0,248637623345722,
2,133648064,248637626851506,248637626851506,0,248637626851506,248637626851506,248637626851506,248637626851506,248640357204036,248637626851506,8318911,13666666,248637630384629,248637630385514,248637630673535,248637631761816,248637636728327,6614,300417,248637636728327,248637632147441,0,248637631761816,
2,133648079,248637635170415,248637635170415,0,248637635170415,248637635170415,248637635170415,248637635170415,248640373841858,248637635170415,8318911,13666666,248637638669108,248637638669837,248637639179108,248637640292181,248637645553847,13646,224011,248637645553847,248637640604056,0,248637640292181,
2,133648094,248637643489326,248637643489326,0,248637643489326,248637643489326,248637643489326,248637643489326,248640390479680,248637643489326,8318911,13666666,248637646960566,248637646960879,248637647387910,248637648343066,248637653641139,9323,159479,248637653641139,248637648563066,0,248637648343066,
32,133648102,248637651808221,248637651808221,0,248637652498483,248637652499629,248637652706295,248637652988118,248640407117501,248637652467181,8318910,13666666,248637653314264,248637653384420,248637653905827,248637655190097,248637662181139,8698,214323,248637662181139,248637655522337,0,248637655190097,
2,133648124,248637660127122,248637660127122,0,248637660127122,248637660127122,248637660127122,248637660127122,248640423755320,248637660127122,8318909,13666666,248637663590618,248637663591608,248637663918170,248637664914785,248637670206087,8385,198906,248637670206087,248637665186504,0,248637664914785,
2,133648139,248637668446044,248637668446044,0,248637668446044,248637668446044,248637668446044,248637668446044,248640440393139,248637668446044,8318910,13666666,248637672044368,248637672045097,248637672496035,248637673590097,248637678940514,8906,273541,248637678940514,248637673950983,0,248637673590097,
2,133648154,248637676764985,248637676764985,0,248637676764985,248637676764985,248637676764985,248637676764985,248640457030961,248637676764985,8318912,13666666,248637680301868,248637680302597,248637680708379,248637681699472,248637686479941,8594,209167,248637686479941,248637681981452,0,248637681699472,
2,133648169,248637685083894,248637685083894,0,248637685083894,248637685083894,248637685083894,248637685083894,248640473668785,248637685083894,8318912,13666666,248637688563327,248637688564681,248637689020774,248637690144004,248637695757754,11354,199843,248637695757754,248637690420722,0,248637690144004,
2,133648184,248637693402808,248637693402808,0,248637693402808,248637693402808,248637693402808,248637693402808,248640490306609,248637693402808,8318912,13666666,248637696886399,248637696887129,248637697190566,248637698147858,248637704579472,7864,217083,248637704579472,248637698444629,0,248637698147858,
2,133648199,248637701721706,248637701721706,0,248637701721706,248637701721706,248637701721706,248637701721706,248640506944432,248637701721706,8318911,13666666,248637705314837,248637705317441,248637705819108,248637707771087,248637712206035,20573,429635,248637712206035,248637708341399,0,248637707771087,
2,133648214,248637710040604,248637710040604,0,248637710040604,248637710040604,248637710040604,248637710040604,248640523582253,248637710040604,8318910,13666666,248637713535566,248637713537702,248637714064472,248637715677754,248637719519212,18489,237969,248637719519212,248637716045514,0,248637715677754,
2,133648229,248637718359515,248637718359515,0,248637718359515,248637718359515,248637718359515,248637718359515,248640540220073,248637718359515,8318910,13666666,248637721808014,248637721809420,248637722065097,248637722755670,248637731035045,7343,123177,248637731035045,248637722928795,0,248637722755670,
2,133648244,248637726678409,248637726678409,0,248637726678409,248637726678409,248637726678409,248637726678409,248640556857892,248637726678409,8318909,13666666,248637730126972,248637730127597,248637730350202,248637731075722,248637736226295,6198,148541,248637736226295,248637731275827,0,248637731075722,
2,133648259,248637734997306,248637734997306,0,248637734997306,248637734997306,248637734997306,248637734997306,248640573495709,248637734997306,8318908,13666666,248637738463639,248637738464472,248637738724785,248637739603483,248637745299993,8230,167656,248637745299993,248637739840462,0,248637739603483,
2,133648274,248637743316217,248637743316217,0,248637743316217,248637743316217,248637743316217,248637743316217,248640590133525,248637743316217,8318908,13666666,248637746802910,248637746803743,248637747039004,248637747855827,248637753196035,7656,183646,248637753196035,248637748103483,0,248637747855827,
2,133648289,248637751635126,248637751635126,0,248637751635126,248637751635126,248637751635126,248637751635126,248640606771341,248637751635126,8318908,13666666,248637755114368,248637755115306,248637755423743,248637756494420,248637762253066,9167,193542,248637762253066,248637756759368,0,248637756494420,
2,133648304,248637759954060,248637759954060,0,248637759954060,248637759954060,248637759954060,248637759954060,248640623409159,248637759954060,8318910,13666666,248637763441399,248637763442389,248637763724785,248637764654837,248637769836191,8281,204583,248637769836191,248637764929889,0,248637764654837,
2,133648319,248637768272974,248637768272974,0,248637768272974,248637768272974,248637768272974,248637768272974,248640640046979,248637768272974,8318910,13666666,248637771746556,248637771747233,248637772069837,248637773046452,248637778874368,9636,198750,248637778874368,248637773314889,0,248637773046452,
2,133648334,248637776591899,248637776591899,0,248637776591899,248637776591899,248637776591899,248637776591899,248640656684800,248637776591899,8318911,13666666,248637780090410,248637780091399,248637780360879,248637781294837,248637786447545,9166,202448,248637786447545,248637781568118,0,248637781294837,
2,133648349,248637784910813,248637784910813,0,248637784910813,248637784910813,248637784910813,248637784910813,248640673322622,248637784910813,8318911,13666666,248637788407962,248637788408795,248637788664733,248637789603431,248637795503743,7865,193125,248637795503743,248637789870097,0,248637789603431,
2,133648364,248637793229754,248637793229754,0,248637793229754,248637793229754,248637793229754,248637793229754,248640689960446,248637793229754,8318913,13666666,248637796703327,248637796704004,248637796970670,248637797921712,248637803126243,9479,180416,248637803126243,248637798169316,0,248637797921712,
2,133648379,248637801548668,248637801548668,0,248637801548668,248637801548668,248637801548668,248637801548668,248640706598272,248637801548668,8318913,13666666,248637805211608,248637805212285,248637805463535,248637806420670,248637812259524,9792,187864,248637812259524,248637806681712,0,248637806420670,
2,133648394,248637809867595,248637809867595,0,248637809867595,248637809867595,248637809867595,248637809867595,248640723236099,248637809867595,8318914,13666666,248637813346139,248637813347024,248637813610202,248637814521452,248637819758952,7187,195104,248637819758952,248637814787806,0,248637814521452,
2,133648409,248637818186496,248637818186496,0,248637818186496,248637818186496,248637818186496,248637818186496,248640739873926,248637818186496,8318913,13666666,248637821673379,248637821674420,248637821911816,248637822809420,248637828272337,9375,188177,248637828272337,248637823067649,0,248637822809420,
2,133648424,248637826505410,248637826505410,0,248637826505410,248637826505410,248637826505410,248637826505410,248640756511752,248637826505410,8318913,13666666,248637829972806,248637829973743,248637830223118,248637831026399,248637836233066,8958,162969,248637836233066,248637831250931,0,248637831026399,
2,133648439,248637834824337,248637834824337,0,248637834824337,248637834824337,248637834824337,248637834824337,248640773149579,248637834824337,8318914,13666666,248637838291139,248637838292233,248637838574993,248637839485931,248637844901816,7865,192292,248637844901816,248637839753691,2552008622741256683,248637839485931,
2,133648454,248637843143244,248637843143244,0,248637843143244,248637843143244,248637843143244,248637843143244,248640789787407,248637843143244,8318914,13666666,248637846603327,248637846604160,248637846864212,248637847740618,248637852898483,7813,174010,248637852898483,248637847980722,0,248637847740618,
2,133648469,248637851462174,248637851462174,0,248637851462174,248637851462174,248637851462174,248637851462174,248640806425236,248637851462174,8318915,13666666,248637854967337,248637854968326,248637855246191,248637856283795,248637862006920,8645,190573,248637862006920,248637856548274,0,248637856283795,
2,133648484,248637859781099,248637859781099,0,248637859781099,248637859781099,248637859781099,248637859781099,248640823063067,248637859781099,8318916,13666666,248637863262337,248637863263170,248637863506712,248637864470097,248637869485722,6979,210469,248637869485722,248637864755201,0,248637864470097,
2,133648499,248637868099997,248637868099997,0,248637868099997,248637868099997,248637868099997,248637868099997,248640839700898,248637868099997,8318915,13666666,248637871580514,248637871581399,248637871847493,248637872821920,248637878268379,9844,186719,248637878268379,248637873078691,0,248637872821920,
2,133648514,248637876418897,248637876418897,0,248637876418897,248637876418897,248637876418897,248637876418897,248640856338727,248637876418897,8318914,13666666,248637879901920,248637879902649,248637880178014,248637881079160,248637886148795,8646,193698,248637886148795,248637881342597,0,248637881079160,
2,133648529,248637884737793,248637884737793,0,248637884737793,248637884737793,248637884737793,248637884737793,248640872976554,248637884737793,8318913,13666666,248637888308483,248637888309524,248637888568118,248637889474108,248637894872910,8958,180572,248637894872910,248637889724420,0,248637889474108,
2,133648544,248637893056696,248637893056696,0,248637893056696,248637893056696,248637893056696,248637893056696,248640889614379,248637893056696,8318912,13666666,248637896565097,248637896565931,248637896799889,248637897681504,248637902775774,9583,180104,248637902775774,248637897932545,0,248637897681504,
2,133648559,248637901375583,248637901375583,0,248637901375583,248637901375583,248637901375583,248637901375583,248640906252201,248637901375583,8318910,13666666,248637905014420,248637905016451,248637905350670,248637906299576,248637912171556,10261,184375,248637912171556,248637906554524,0,248637906299576,
2,133648574,248637909694494,248637909694494,0,248637909694494,248637909694494,248637909694494,248637909694494,248640922890021,248637909694494,8318910,13666666,248637913167858,248637913169108,248637913487597,248637914492389,248637919596399,9479,198594,248637919596399,248637914766139,0,248637914492389,
2,133648589,248637918013393,248637918013393,0,248637918013393,248637918013393,248637918013393,248637918013393,248640939527840,248637918013393,8318909,13666666,248637921523066,248637921526920,248637922187337,248637923292597,248637928446451,8959,236979,248637928446451,248637923609733,0,248637923292597,
2,133648604,248637926332310,248637926332310,0,248637926332310,248637926332310,248637926332310,248637926332310,248640956165658,248637926332310,8318909,13666666,248637929791660,248637929792285,248637930082285,248637930948483,248637936126087,8698,164479,248637936126087,248637931174524,0,248637930948483,
2,133648626,248637934651218,248637934651218,0,248637934651218,248637934651218,248637934651218,248637934651218,248640972803476,248637934651218,8318909,13666666,248637938121347,248637938122076,248637938382233,248637939278483,248637944818379,8906,179844,248637944818379,248637939518899,0,248637939278483,
2,133648648,248637942970111,248637942970111,0,248637942970111,248637942970111,248637942970111,248637942970111,248640989441293,248637942970111,8318908,13666666,248637946488014,248637946488847,248637946799993,248637947833899,248637952731556,9791,235833,248637952731556,248637948149472,0,248637947833899,
2,133648670,248637951289022,248637951289022,0,248637951289022,248637951289022,248637951289022,248637951289022,248641006079109,248637951289022,8318908,13666666,248637954756556,248637954757806,248637955098795,248637956283431,248637961527337,7917,212552,248637961527337,248637956654420,0,248637956283431,
2,133648692,248637959607945,248637959607945,0,248637959607945,248637959607945,248637959607945,248637959607945,248641022716926,248637959607945,8318909,13666666,248637963116504,248637963118014,248637963472129,248637964540514,248637969318222,9687,220104,248637969318222,248637964843587,0,248637964540514,
2,133648707,248637967926857,248637967926857,0,248637967926857,248637967926857,248637967926857,248637967926857,248641039354744,248637967926857,8318909,13666666,248637971423066,248637971424108,248637971744108,248637972771816,248637978084212,9896,197135,248637978084212,248637973043899,0,248637972771816,
2,133648722,248637976245778,248637976245778,0,248637976245778,248637976245778,248637976245778,248637976245778,248641055992563,248637976245778,8318910,13666666,248637979726087,248637979726712,248637980036347,248637981016295,248637985993066,9219,189428,248637985993066,248637981275514,0,248637981016295,
2,133648737,248637984564677,248637984564677,0,248637984564677,248637984564677,248637984564677,248637984564677,248641072630382,248637984564677,8318909,13666666,248637988084004,248637988084941,248637988419941,248637989391191,248637994984316,11771,183750,248637994984316,248637989648014,0,248637989391191,
2,133648752,248637992883599,248637992883599,0,248637992883599,248637992883599,248637992883599,248637992883599,248641089268201,248637992883599,8318910,13666666,248637996336712,248637996337545,248637996601972,248637997519212,248638002675254,10417,189479,248638002675254,248637997779889,0,248637997519212,
2,133648767,248638001202508,248638001202508,0,248638001202508,248638001202508,248638001202508,248638001202508,248641105906021,248638001202508,8318910,13666666,248638004674576,248638004675358,248638004934160,248638005878274,248638011384681,7136,191302,248638011384681,248638006141295,0,248638005878274,
2,133648782,248638009521419,248638009521419,0,248638009521419,248638009521419,248638009521419,248638009521419,248641122543841,248638009521419,8318910,13666666,248638013004733,248638013005566,248638013269837,248638014177806,248638019314316,7292,202239,248638019314316,248638014455358,0,248638014177806,
2,133648797,248638017840339,248638017840339,0,248638017840339,248638017840339,248638017840339,248638017840339,248641139181662,248638017840339,8318911,13666666,248638021315774,248638021316556,248638021620149,248638022425514,248638027934681,8021,168750,248638027934681,248638022661139,0,248638022425514,
32,133648805,248638026159251,248638026159251,0,248638026851608,248638026852441,248638026999056,248638027164264,248641155819484,248638026831608,8318911,13666666,248638027326712,248638027377649,248638027787285,248638028691451,248638035938743,7135,219219,248638035938743,248638028983899,0,248638028691451,
32,133648820,248638034478165,248638034478165,0,248638034997233,248638034998274,248638035178951,248638035300931,248641172457306,248638034975358,8318911,13666666,248638035432233,248638035903691,248638036296868,248638037203587,248638044741712,11979,211614,248638044741712,248638037489681,0,248638037203587,
32,133648984,248638225813088,248638225813088,-1050735685,248638226030253,248638226030514,248638226652806,248638226687493,248641189095127,248638226022337,8318910,13666666,248638226818326,248638226850097,248638227201660,248638228160149,248638229976243,16250,187552,248638229976243,248638228415201,0,248638228160149,
32,133648992,248638233721485,248638233721485,0,248638234512233,248638234513118,248638235992389,248638236210618,248641205720534,248638234484993,8306497,13666666,248638236284212,248638236348847,248638237079420,248638238431816,248638241458170,19167,258125,248638241458170,248638238783222,0,248638238431816,
32,133649000,248638242027982,248638242027982,0,248638243407806,248638243409316,248638245449628,248638245624056,248641222333528,248638243378587,8306497,13666666,248638245717233,248638245777649,248638246109316,248638246769837,248638250247753,6771,179896,248638250247753,248638246993795,0,248638246769837,
32,133649008,248638250213407,248638250213407,0,248638251039785,248638251041139,248638252542701,248638252624733,248641238942783,248638251015358,8302758,13666666,248638252660878,248638252707806,248638253056295,248638253897910,248638256202337,10156,247031,248638256202337,248638254207233,0,248638253897910,
32,133649016,248638258465668,248638258465668,0,248638258698118,248638258698691,248638259811035,248638259878483,248641255546571,248638258682962,8301030,13666666,248638259907858,248638259963951,248638260465618,248638261202806,248638263486035,7657,209531,248638263486035,248638261470410,0,248638261202806,
32,133649024,248638266742890,248638266742890,0,248638267216868,248638267217806,248638269025931,248638269232858,248641272147657,248638267196503,8300056,13666666,248638269273326,248638269343847,248638269748483,248638270753431,248638273129681,9375,216250,248638273129681,248638271040826,0,248638270753431,
32,133649032,248638275032246,248638275032246,0,248638275405826,248638275406660,248638276699576,248638276770201,248641288747165,248638275387806,8299452,13666666,248638276805410,248638276872285,248638277254316,248638278295514,248638280296399,8437,218125,248638280296399,248638278595253,0,248638278295514,
32,133649040,248638283328416,248638283328416,0,248638283829420,248638283830149,248638285147910,248638285229628,248641305345676,248638283803587,8299059,13666666,248638285269056,248638285345045,248638285823066,248638287187285,248638289531555,8073,300261,248638289531555,248638287581608,0,248638287187285,
32,133649048,248638291628830,248638291628830,0,248638291983274,248638291984003,248638293269993,248638293347701,248641321943536,248638291963691,8298801,13666666,248638293383795,248638293480514,248638294107285,248638295241347,248638297449472,14219,203646,248638297449472,248638295521191,0,248638295241347,
32,133649056,248638299932152,248638299932152,0,248638300454264,248638300455514,248638302207753,248638302339576,248641338540977,248638300432753,8298640,13666666,248638302403639,248638302505618,248638303109003,248638304233483,248638306779108,9948,224479,248638306779108,248638304537180,0,248638304233483,
32,133649064,248638308237605,248638308237605,0,248638308961764,248638308963014,248638310739212,248638310873847,248641355138172,248638308941347,8298555,13666666,248638310954680,248638311035618,248638311951243,248638313338691,248638316256191,15573,258855,248638316256191,248638313692701,0,248638313338691,
32,133649072,248638316544746,248638316544746,0,248638317163951,248638317164837,248638318716712,248638318795930,248641371735263,248638317136712,8298536,13666666,248638318831087,248638318889368,248638319313743,248638320272962,248638323884472,6823,289062,248638323884472,248638320618951,0,248638320272962,
32,133649080,248638324853265,248638324853265,0,248638325275410,248638325276139,248638326435097,248638326498795,248641388332377,248638325255358,8298578,13666666,248638326527337,248638326581660,248638326972649,248638327747233,248638329841503,10625,161875,248638329841503,248638327966816,0,248638327747233,
32,133649088,248638333163125,248638333163125,0,248638333709316,248638333710305,248638335170462,248638335252962,248641404929642,248638333678274,8298687,13666666,248638335298378,248638335390201,248638335761712,248638337043014,248638339975253,10886,218073,248638339975253,248638337341555,0,248638337043014,
32,133649096,248638341474335,248638341474335,0,248638342133378,248638342134368,248638343759785,248638343846191,248641421527202,248638342106764,8298873,13666666,248638343889108,248638344078535,248638344677441,248638345638587,248638348055045,10781,222812,248638348055045,248638345940930,0,248638345638587,
32,133649104,248638349787114,248638349787114,0,248638350414472,248638350415410,248638351793014,248638351874264,248641438125234,248638350382233,8299159,13666666,248638351913587,248638351966451,248638352641555,248638353668535,248638355850670,10937,241719,248638355850670,248638354006920,0,248638353668535,
32,133649112,248638358101912,248638358101912,0,248638358762545,248638358763483,248638360138170,248638360228847,248641454723978,248638358737910,8299585,13666666,248638360272024,248638360358222,248638360904212,248638361801035,248638364329055,10573,227656,248638364329055,248638362106920,0,248638361801035,
32,133649120,248638366419665,248638366419665,0,248638366920149,248638366921087,248638368374264,248638368461608,248641471323791,248638366892545,8300228,13666666,248638368500930,248638368631243,248638369049733,248638370053118,248638373423639,8698,259792,248638373423639,248638370396816,0,248638370053118,
32,133649128,248638374742333,248638374742333,0,248638375267337,248638375268274,248638376832128,248638376921191,248641487925264,248638375239472,8301245,13666666,248638376960253,248638377033430,248638377387285,248638378195514,248638380884524,7188,264479,248638380884524,248638378534576,0,248638378195514,
32,133649136,248638383074729,248638383074729,0,248638383579108,248638383580097,248638385265670,248638385367441,248641504529526,248638383548691,8303017,13666666,248638385430774,248638385507076,248638386333118,248638387550722,248638389910358,10417,321979,248638389910358,248638388050826,0,248638387550722,
32,133649144,248638391431935,248638391431935,0,248638391924628,248638391925514,248638393350983,248638393434160,248641521139275,248638391898691,8306732,13666666,248638393472962,248638393591243,248638394049524,248638394886399,248638398019160,7188,237813,248638398019160,248638395191920,0,248638394886399,
32,133649152,248638399896807,248638399896807,0,248638400681608,248638400682545,248638402422180,248638402534264,248641537764921,248638400651555,8318914,13666666,248638402633743,248638402783847,248638403234472,248638404508066,248638406039108,18125,353698,248638406039108,248638404989368,0,248638404508066,
32,133649160,248638408215710,248638408215710,0,248638408660774,248638408661660,248638410225201,248638410316035,248641554402748,248638408636920,8318913,13666666,248638410354680,248638410435878,248638410826243,248638411850410,248638413527910,7344,262657,248638413527910,248638412194368,0,248638411850410,
32,133649168,248638416534637,248638416534637,0,248638417013743,248638417015566,248638418753639,248638418851920,248641571040575,248638416983170,8318914,13666666,248638418903951,248638418997180,248638419528170,248638420627076,248638423876087,11719,338438,248638423876087,248638421073222,0,248638420627076,
32,133649176,248638424853551,248638424853551,0,248638425317701,248638425319316,248638426885305,248638426979055,248641587678403,248638425295045,8318914,13666666,248638427024628,248638427118951,248638427521191,248638428637701,248638430232389,8594,221771,248638430232389,248638428943691,0,248638428637701,
---PROFILEDATA---


View hierarchy:

  com.chasel.ng2/com.chasel.ng2.MainActivity/android.view.ViewRootImpl@a887347
  170 views, 361.48 kB of render nodes


  Dynamic VRI BBQ Log.  render_draw: false  hdr_dimmer: false  blur_blend: false  hwui_window_decor: false  sync_barrier: false

Total ViewRootImpl   : 1
Total attached Views : 170
Total RenderNode     : 361.48 kB (used) / 1135.80 kB (capacity)

