Applications Graphics Acceleration Info:
Uptime: 287263059 Realtime: 770402535

** Graphics info for pid 9793 [com.chasel.ng2] **

Stats since: 287250491789795ns
Total frames rendered: 1280
Janky frames: 1 (0.08%)
Janky frames (legacy): 28 (2.19%)
50th percentile: 11ms
90th percentile: 12ms
95th percentile: 13ms
99th percentile: 15ms
Number Missed Vsync: 0
Number High input latency: 2558
Number Slow UI thread: 1
Number Slow bitmap uploads: 0
Number Slow issue draw commands: 1
Number Frame deadline missed: 1
Number Frame deadline missed (legacy): 0
HISTOGRAM: 5ms=88 6ms=8 7ms=6 8ms=12 9ms=86 10ms=176 11ms=470 12ms=362 13ms=48 14ms=6 15ms=6 16ms=4 17ms=0 18ms=6 19ms=0 20ms=0 21ms=0 22ms=2 23ms=0 24ms=0 25ms=0 26ms=0 27ms=0 28ms=0 29ms=0 30ms=0 31ms=0 32ms=0 34ms=0 36ms=0 38ms=0 40ms=0 42ms=0 44ms=0 46ms=0 48ms=0 53ms=0 57ms=0 61ms=0 65ms=0 69ms=0 73ms=0 77ms=0 81ms=0 85ms=0 89ms=0 93ms=0 97ms=0 101ms=0 105ms=0 109ms=0 113ms=0 117ms=0 121ms=0 125ms=0 129ms=0 133ms=0 150ms=0 200ms=0 250ms=0 300ms=0 350ms=0 400ms=0 450ms=0 500ms=0 550ms=0 600ms=0 650ms=0 700ms=0 750ms=0 800ms=0 850ms=0 900ms=0 950ms=0 1000ms=0 1050ms=0 1100ms=0 1150ms=0 1200ms=0 1250ms=0 1300ms=0 1350ms=0 1400ms=0 1450ms=0 1500ms=0 1550ms=0 1600ms=0 1650ms=0 1700ms=0 1750ms=0 1800ms=0 1850ms=0 1900ms=0 1950ms=0 2000ms=0 2050ms=0 2100ms=0 2150ms=0 2200ms=0 2250ms=0 2300ms=0 2350ms=0 2400ms=0 2450ms=0 2500ms=0 2550ms=0 2600ms=0 2650ms=0 2700ms=0 2750ms=0 2800ms=0 2850ms=0 2900ms=0 2950ms=0 3000ms=0 3050ms=0 3100ms=0 3150ms=0 3200ms=0 3250ms=0 3300ms=0 3350ms=0 3400ms=0 3450ms=0 3500ms=0 3550ms=0 3600ms=0 3650ms=0 3700ms=0 3750ms=0 3800ms=0 3850ms=0 3900ms=0 3950ms=0 4000ms=0 4050ms=0 4100ms=0 4150ms=0 4200ms=0 4250ms=0 4300ms=0 4350ms=0 4400ms=0 4450ms=0 4500ms=0 4550ms=0 4600ms=0 4650ms=0 4700ms=0 4750ms=0 4800ms=0 4850ms=0 4900ms=0 4950ms=0
50th gpu percentile: 9ms
90th gpu percentile: 10ms
95th gpu percentile: 10ms
99th gpu percentile: 11ms
GPU HISTOGRAM: 1ms=0 2ms=60 3ms=50 4ms=16 5ms=38 6ms=84 7ms=104 8ms=244 9ms=444 10ms=208 11ms=22 12ms=2 13ms=4 14ms=0 15ms=0 16ms=2 17ms=2 18ms=0 19ms=0 20ms=0 21ms=0 22ms=0 23ms=0 24ms=0 25ms=0 4950ms=0

Pipeline=Skia (Vulkan)
Memory policy:
  Max surface area: 3240320
  Max resource usage: 466.61MB (x48)
  Background retention: 50% (altUiHidden = true)
  GPU Context timeout: 10
Contexts: 1 (stopped = 0)
CPU Caches:
  Glyph Cache: 8.29 MB (1 entry)
  Glyph Count: 55
Total CPU memory usage:
  8693957 bytes, 8.29 MB (0.00 bytes is purgeable)
GPU Caches:
  Other:
    Other: 203.59 KB (1 entry)
    Buffer Object: 464.00 bytes (2 entries)
    GrVkImage: 256.00 KB (1 entry)
  Image:
    Surface: 352.52 KB (12 entries)
  Scratch:
    GrVkTextureRenderTarget: 72.63 MB (7 entries)
    Surface: 6.02 MB (5 entries)
    GrVkImage: 256.00 KB (25 entries)
    Buffer Object: 784.62 KB (23 entries)
Total GPU memory usage:
  84365504 bytes, 80.46 MB (26.24 MB is purgeable)
Detail dimensions:
Buffer Object:				30720		{0x0}	1
Buffer Object:				384		{0x0}	7
GrVkImage:				0		{104x104}	6
Buffer Object:				49152		{0x0}	1
GrVkImage:				0		{2048x1024}	3
Surface:				2097152		{2048x1024}	3
GrVkImage:				262144		{256x256}	2
GrVkImage:				0		{256x256}	1
Surface:				512		{512x1}	1
GrVkImage:				0		{65x65}	7
GrVkImage:				0		{512x1}	1
GrVkTextureRenderTarget:				12961280		{1220x2656}	4
GrVkImage:				0		{1220x2656}	4
GrVkImage:				0		{1280x2368}	2
Surface:				16900		{65x65}	7
Surface:				43264		{104x104}	6
Buffer Object:				65536		{0x0}	3
Buffer Object:				131072		{0x0}	1
GrVkTextureRenderTarget:				12124160		{1280x2368}	2
Buffer Object:				32768		{0x0}	9
Buffer Object:				98304		{0x0}	1
Buffer Object:				272		{0x0}	1
Buffer Object:				192		{0x0}	1
GrVkTextureRenderTarget:				65536		{256x256}	1

GraphicBufferAllocator buffers:
            Handle |         Size |     W (Stride) x H | Layers |   Format |      Usage | Requestor
0xb400007badc75160 | 13280.00 KiB | 1220 (1280) x 2656 |      1 |        1 | 0x10000b00 | VRI[MainActivity]#32(BLAST Consumer)32
0xb400007badcb6b30 | 13280.00 KiB | 1220 (1280) x 2656 |      1 |        1 | 0x10000b00 | VRI[MainActivity]#32(BLAST Consumer)32
0xb400007badd00d20 | 13280.00 KiB | 1220 (1280) x 2656 |      1 |        1 | 0x10000b00 | VRI[MainActivity]#32(BLAST Consumer)32
0xb400007badd708a0 | 13280.00 KiB | 1220 (1280) x 2656 |      1 |        1 | 0x10000b00 | VRI[MainActivity]#32(BLAST Consumer)32
Total allocated by GraphicBufferAllocator (estimate): 53120.00 KB
Imported gralloc buffers:
+ name:VRI[MainActivity]#32(BLAST Consumer)32, id:284136, size:13364.00KiB, w/h:1220x2656, usage: 0x10000b00, req fmt:1, fourcc/mod:0/0, dataspace: 0x8810000, compressed: true
+ name:VRI[MainActivity]#32(BLAST Consumer)32, id:284134, size:13364.00KiB, w/h:1220x2656, usage: 0x10000b00, req fmt:1, fourcc/mod:0/0, dataspace: 0x8810000, compressed: true
+ name:VRI[MainActivity]#32(BLAST Consumer)32, id:284135, size:13364.00KiB, w/h:1220x2656, usage: 0x10000b00, req fmt:1, fourcc/mod:0/0, dataspace: 0x8810000, compressed: true
+ name:VRI[MainActivity]#32(BLAST Consumer)32, id:284133, size:13364.00KiB, w/h:1220x2656, usage: 0x10000b00, req fmt:1, fourcc/mod:0/0, dataspace: 0x8810000, compressed: true
Total imported by gralloc: 53456.00KiB

Profile data in ms:

	com.chasel.ng2/com.chasel.ng2.MainActivity/android.view.ViewRootImpl@6eba463 (visibility=0)
Window: com.chasel.ng2/com.chasel.ng2.MainActivity
Stats since: 287250491789587ns
Total frames rendered: 1280
Janky frames: 1 (0.08%)
Janky frames (legacy): 28 (2.19%)
50th percentile: 11ms
90th percentile: 12ms
95th percentile: 13ms
99th percentile: 15ms
Number Missed Vsync: 0
Number High input latency: 2558
Number Slow UI thread: 1
Number Slow bitmap uploads: 0
Number Slow issue draw commands: 1
Number Frame deadline missed: 1
Number Frame deadline missed (legacy): 0
HISTOGRAM: 5ms=88 6ms=8 7ms=6 8ms=12 9ms=86 10ms=176 11ms=470 12ms=362 13ms=48 14ms=6 15ms=6 16ms=4 17ms=0 18ms=6 19ms=0 20ms=0 21ms=0 22ms=2 23ms=0 24ms=0 25ms=0 26ms=0 27ms=0 28ms=0 29ms=0 30ms=0 31ms=0 32ms=0 34ms=0 36ms=0 38ms=0 40ms=0 42ms=0 44ms=0 46ms=0 48ms=0 53ms=0 57ms=0 61ms=0 65ms=0 69ms=0 73ms=0 77ms=0 81ms=0 85ms=0 89ms=0 93ms=0 97ms=0 101ms=0 105ms=0 109ms=0 113ms=0 117ms=0 121ms=0 125ms=0 129ms=0 133ms=0 150ms=0 200ms=0 250ms=0 300ms=0 350ms=0 400ms=0 450ms=0 500ms=0 550ms=0 600ms=0 650ms=0 700ms=0 750ms=0 800ms=0 850ms=0 900ms=0 950ms=0 1000ms=0 1050ms=0 1100ms=0 1150ms=0 1200ms=0 1250ms=0 1300ms=0 1350ms=0 1400ms=0 1450ms=0 1500ms=0 1550ms=0 1600ms=0 1650ms=0 1700ms=0 1750ms=0 1800ms=0 1850ms=0 1900ms=0 1950ms=0 2000ms=0 2050ms=0 2100ms=0 2150ms=0 2200ms=0 2250ms=0 2300ms=0 2350ms=0 2400ms=0 2450ms=0 2500ms=0 2550ms=0 2600ms=0 2650ms=0 2700ms=0 2750ms=0 2800ms=0 2850ms=0 2900ms=0 2950ms=0 3000ms=0 3050ms=0 3100ms=0 3150ms=0 3200ms=0 3250ms=0 3300ms=0 3350ms=0 3400ms=0 3450ms=0 3500ms=0 3550ms=0 3600ms=0 3650ms=0 3700ms=0 3750ms=0 3800ms=0 3850ms=0 3900ms=0 3950ms=0 4000ms=0 4050ms=0 4100ms=0 4150ms=0 4200ms=0 4250ms=0 4300ms=0 4350ms=0 4400ms=0 4450ms=0 4500ms=0 4550ms=0 4600ms=0 4650ms=0 4700ms=0 4750ms=0 4800ms=0 4850ms=0 4900ms=0 4950ms=0
50th gpu percentile: 9ms
90th gpu percentile: 10ms
95th gpu percentile: 10ms
99th gpu percentile: 11ms
GPU HISTOGRAM: 1ms=0 2ms=60 3ms=50 4ms=16 5ms=38 6ms=84 7ms=104 8ms=244 9ms=444 10ms=208 11ms=22 12ms=2 13ms=4 14ms=0 15ms=0 16ms=2 17ms=2 18ms=0 19ms=0 20ms=0 21ms=0 22ms=0 23ms=0 24ms=0 25ms=0 4950ms=0


RenderLite trim renderNode error: 0

---PROFILEDATA---
Flags,FrameTimelineVsyncId,IntendedVsync,Vsync,InputEventId,HandleInputStart,AnimationStart,PerformTraversalsStart,DrawStart,FrameDeadline,FrameStartTime,FrameInterval,WorkloadTarget,SyncQueued,SyncStart,IssueDrawCommandsStart,SwapBuffers,FrameCompleted,DequeueBufferDuration,QueueBufferDuration,GpuCompleted,SwapBuffersCompleted,DisplayPresentTime,CommandSubmissionCompleted,
32,153237199,287256049273231,287256049273231,0,287256049611824,287256049612709,287256049826980,287256049882657,287260418643796,287256049593595,8318913,13666666,287256050291616,287256050316720,287256050770053,287256052272293,287256060486876,7083,575521,287256060486876,287256052903439,0,287256052272293,
32,153237207,287256057592145,287256057592145,0,287256057995886,287256057996928,287256058259272,287256058320105,287260435281622,287256057975105,8318913,13666666,287256058782501,287256058820470,287256059381564,287256061640261,287256066914011,8646,377084,287256066914011,287256062168699,0,287256061640261,
32,153237215,287256065911059,287256065911059,0,287256066380105,287256066380939,287256066660730,287256066729480,287260451919448,287256066360522,8318913,13666666,287256067537605,287256067637293,287256068296772,287256070232397,287256078123178,9896,201146,287256078123178,287256070506511,0,287256070232397,
32,153237223,287256074229973,287256074229973,0,287256074676251,287256074676928,287256074860991,287256074911980,287260468557274,287256074661303,8318913,13666666,287256075335418,287256075363959,287256075804949,287256077720053,287256086504480,6771,410729,287256086504480,287256078192657,0,287256077720053,
32,153237231,287256082548887,287256082548887,0,287256083011980,287256083012657,287256083254168,287256083317241,287260485195100,287256082992449,8318913,13666666,287256083724220,287256083755939,287256084354480,287256086364168,287256093956303,7136,169636,287256093956303,287256086594480,0,287256086364168,
32,153237239,287256090867804,287256090867804,0,287256091214428,287256091215157,287256091450939,287256091507136,287260501832926,287256091195991,8318913,13666666,287256091875157,287256091901095,287256092490470,287256093961772,287256103172970,5885,152917,287256103172970,287256094167136,0,287256093961772,
32,153237247,287256099186718,287256099186718,0,287256099830730,287256099831720,287256100079793,287256100136199,287260518470752,287256099812918,8318913,13666666,287256100536980,287256100585366,287256101160939,287256102719689,287256111198647,7188,460000,287256111198647,287256103238959,0,287256102719689,
32,153237255,287256107505629,287256107505629,0,287256107774064,287256107774741,287256108099845,287256108149064,287260535108578,287256107757814,8318913,13666666,287256108483074,287256108522345,287256108959689,287256110454897,287256119769116,6406,753073,287256119769116,287256111264793,0,287256110454897,
32,153237263,287256115824554,287256115824554,0,287256116519064,287256116520522,287256116939949,287256117045678,287260551746405,287256116476720,8318914,13666666,287256117638074,287256117672553,287256118207709,287256119749532,287256127828699,6458,150573,287256127828699,287256119959064,0,287256119749532,
32,153237271,287256124143452,287256124143452,0,287256124500782,287256124501511,287256124802657,287256124870522,287260568384232,287256124477814,8318913,13666666,287256125278855,287256125318334,287256125842397,287256127278386,287256135775522,5313,571614,287256135775522,287256127915001,0,287256127278386,
32,153237279,287256132462364,287256132462364,0,287256132944689,287256132945366,287256133190886,287256133251095,287260585022057,287256132923803,8318912,13666666,287256133737657,287256133778907,287256134302032,287256136444428,287256144494272,10208,170104,287256144494272,287256136676355,7306934700536131427,287256136444428,
32,153237287,287256140781264,287256140781264,0,287256141074793,287256141075470,287256141450886,287256141494636,287260601659881,287256141055626,8318912,13666666,287256141815209,287256141875001,287256142444584,287256143815261,287256151756616,8958,675365,287256151756616,287256144562814,8318823021040067423,287256143815261,
32,153237295,287256149100162,287256149100162,0,287256149396980,287256149397657,287256149646668,287256149735418,287260618297704,287256149378022,8318911,13666666,287256150186772,287256150224376,287256150788491,287256152353230,287256161100574,6042,131511,287256161100574,287256152561303,6874028453762003572,287256152353230,
32,153237303,287256157419089,287256157419089,0,287256157761303,287256157761824,287256157978386,287256158033178,287260634935527,287256157743699,8318912,13666666,287256158437605,287256158475261,287256158912918,287256160680574,287256169779793,7708,437240,287256169779793,287256161179689,7956012745154194530,287256160680574,
32,153237311,287256165738006,287256165738006,0,287256166263751,287256166264741,287256166502605,287256166566720,287260651573351,287256166243803,8318912,13666666,287256166961095,287256167002449,287256167502814,287256169320939,287256174907970,8386,475104,287256174907970,287256169888907,7307502065682249069,287256169320939,
32,153237319,287256174056931,287256174056931,0,287256174380991,287256174381876,287256174671511,287256174825782,287260668211176,287256174359272,8318913,13666666,287256175452084,287256175594897,287256176134845,287256177683334,287256185196928,8854,197031,287256185196928,287256177939480,8169381708511007304,287256177683334,
32,153237327,287256182375829,287256182375829,0,287256182882501,287256182883230,287256183213022,287256183274793,287260684849001,287256182862866,8318912,13666666,287256183848751,287256183898491,287256184447970,287256185741772,287256192808959,8333,140729,287256192808959,287256185930470,8097283393133169494,287256185741772,
32,153237335,287256190694740,287256190694740,0,287256190956564,287256190957136,287256191157553,287256191211355,287260701486825,287256190938126,8318912,13666666,287256191640209,287256191682918,287256192187189,287256193796720,287256202935730,7500,157708,287256202935730,287256194013595,5431142508371378177,287256193796720,
32,153237343,287256199013652,287256199013652,0,287256199461147,287256199461772,287256199652345,287256199709011,287260718124649,287256199444741,8318912,13666666,287256200127866,287256200164793,287256200646720,287256202353855,287256211047553,5729,606354,287256211047553,287256203030470,8589934592,287256202353855,
32,153237351,287256207332553,287256207332553,0,287256207667553,287256207668334,287256207898959,287256207958959,287260734762471,287256207648334,8318910,13666666,287256208370470,287256208399636,287256208960939,287256210510314,287256219517189,7448,560157,287256219517189,287256211135261,0,287256210510314,
32,153237359,287256215651448,287256215651448,0,287256216118386,287256216119116,287256216449220,287256216505730,287260751400291,287256216101147,8318910,13666666,287256216895053,287256216934168,287256217434011,287256219016876,287256227648491,8802,599011,287256227648491,287256219686720,0,287256219016876,
32,153237367,287256223970359,287256223970359,0,287256224377449,287256224378230,287256224609793,287256224666772,287260768038111,287256224359272,8318910,13666666,287256225021511,287256225066095,287256225564220,287256227166876,287256234985053,7344,476459,287256234985053,287256227705314,0,287256227166876,
32,153237375,287256232289271,287256232289271,0,287256232950939,287256232951511,287256233279480,287256233340574,287260784675931,287256232931928,8318910,13666666,287256233694168,287256233727814,287256234256095,287256235635470,287256244213699,5156,133385,287256244213699,287256235815782,0,287256235635470,
32,153237383,287256240608199,287256240608199,0,287256240930991,287256240931511,287256242718126,287256242870522,287260801313752,287256240915939,8318911,13666666,287256243657449,287256243703178,287256244315626,287256246104741,287256251489741,9635,155052,287256251489741,287256246315157,0,287256246104741,
32,153237391,287256248927110,287256248927110,0,287256249411563,287256249412084,287256249661616,287256249732866,287260817951574,287256249391147,8318911,13666666,287256250096303,287256250129011,287256250625209,287256251932136,287256260997918,6302,144479,287256260997918,287256252118022,0,287256251932136,
32,153237399,287256257246035,287256257246035,0,287256257659376,287256257660053,287256257899063,287256257955418,287260834589397,287256257640574,8318912,13666666,287256258323438,287256258366563,287256258907136,287256260516043,287256269007918,9115,478959,287256269007918,287256261059063,0,287256260516043,
32,153237407,287256265564943,287256265564943,0,287256265950105,287256265951043,287256266174168,287256266231511,287260851227221,287256265930991,8318912,13666666,287256266620418,287256266652032,287256267192032,287256269156772,287256277571355,8802,229844,287256277571355,287256269448543,0,287256269156772,
32,153237415,287256273883857,287256273883857,0,287256274258230,287256274258855,287256274475053,287256274528907,287260867865045,287256274240053,8318912,13666666,287256274893959,287256274953282,287256275455991,287256276965678,287256285885366,9271,621198,287256285885366,287256277648282,0,287256276965678,
32,153237423,287256282202783,287256282202783,0,287256282545886,287256282546511,287256282866511,287256282928386,287260884502870,287256282524428,8318913,13666666,287256283323230,287256283366355,287256283834220,287256285382657,287256294233022,7083,520104,287256294233022,287256285970209,0,287256285382657,
32,153237431,287256290521683,287256290521683,0,287256290883751,287256290884272,287256291092657,287256291137501,287260901140695,287256290869272,8318912,13666666,287256291434845,287256291513959,287256292036876,287256293587970,287256302830886,12812,751407,287256302830886,287256294417553,0,287256293587970,
32,153237439,287256298840597,287256298840597,0,287256299208022,287256299208595,287256299393438,287256299456668,287260917778519,287256299190782,8318912,13666666,287256299790053,287256299825053,287256300272084,287256301670938,287256310848959,7136,1173698,287256310848959,287256302908074,0,287256301670938,
32,153237447,287256307159493,287256307159493,0,287256307613699,287256307614272,287256307812032,287256307864741,287260934416341,287256307598334,8318910,13666666,287256308227657,287256308267553,287256308796303,287256310213491,287256319316147,7656,656094,287256319316147,287256310927553,0,287256310213491,
32,153237455,287256315478393,287256315478393,0,287256315920209,287256315920730,287256316160834,287256316210938,287260951054162,287256315902970,8318911,13666666,287256316529688,287256316561824,287256317021407,287256318335261,287256327449584,6719,985000,287256327449584,287256319371668,0,287256318335261,
32,153237463,287256323797316,287256323797316,0,287256324189741,287256324190834,287256324417605,287256324462553,287260967691984,287256324175053,8318911,13666666,287256324790574,287256324842970,287256325395834,287256326813491,287256335695209,8125,656875,287256335695209,287256327530209,0,287256326813491,
32,153237471,287256332116240,287256332116240,0,287256332485678,287256332486407,287256332759272,287256332847761,287260984329807,287256332463126,8318912,13666666,287256333431980,287256333562188,287256334064324,287256335834480,287256342579116,10104,195938,287256342579116,287256336090522,0,287256335834480,
32,153237479,287256340435136,287256340435136,0,287256340884636,287256340885470,287256341094376,287256341151772,287261000967630,287256340865001,8318911,13666666,287256341535522,287256341596772,287256342094741,287256343838907,287256351164428,7864,133021,287256351164428,287256344042188,0,287256343838907,
32,153237487,287256348754047,287256348754047,0,287256349159636,287256349160157,287256349359897,287256349424324,287261017605452,287256349139376,8318911,13666666,287256349807918,287256349844897,287256350371095,287256351983595,287256359934793,6875,164115,287256359934793,287256352262293,0,287256351983595,
32,153237495,287256357072959,287256357072959,0,287256357322970,287256357323595,287256357516563,287256357580782,287261034243274,287256357303647,8318911,13666666,287256357998334,287256358032657,287256358584376,287256360421772,287256369017918,7291,228229,287256369017918,287256360738595,0,287256360421772,
32,153237503,287256365391858,287256365391858,0,287256365624428,287256365625157,287256365759584,287256365816251,287261050881095,287256365606199,8318910,13666666,287256366188543,287256366211563,287256366646668,287256367968803,287256375168074,6302,1065782,287256375168074,287256369076720,0,287256367968803,
32,153237511,287256373710768,287256373710768,0,287256374060313,287256374060886,287256374224324,287256374282188,287261067518915,287256374042553,8318910,13666666,287256374651459,287256374675574,287256375237188,287256377386563,287256384166720,8125,145261,287256384166720,287256377592188,0,287256377386563,
32,153237519,287256382029669,287256382029669,0,287256382301199,287256382302032,287256382439897,287256382497136,287261084156734,287256382283491,8318909,13666666,287256382880886,287256382915053,287256383359428,287256385030418,287256392041824,5469,134792,287256392041824,287256385212449,0,287256385030418,
32,153237534,287256390348578,287256390348578,0,287256390806772,287256390807449,287256391042032,287256391093491,287261100794552,287256390791563,8318909,13666666,287256391441407,287256391466511,287256391892918,287256393684688,287256402365574,4636,164323,287256402365574,287256393914949,0,287256393684688,
32,153237549,287256398667487,287256398667487,0,287256399212397,287256399213595,287256399842397,287256399997761,287261117432370,287256399191720,8318909,13666666,287256400612866,287256400646459,287256401256251,287256402985261,287256410357032,6354,158645,287256410357032,287256403201720,0,287256402985261,
32,153237564,287256406986428,287256406986428,0,287256407489636,287256407490678,287256407979636,287256408094532,287261134070190,287256407462605,8318911,13666666,287256408640209,287256408673438,287256409359949,287256411193074,287256418941772,7343,162553,287256418941772,287256411415678,0,287256411193074,
32,153237572,287256415305357,287256415305357,0,287256415938803,287256415939480,287256418703855,287256418768074,287261150708013,287256415917501,8318912,13666666,287256420298595,287256420325938,287256420842761,287256422749324,287256426817553,9218,156042,287256426817553,287256422962032,0,287256422749324,
32,153237580,287256423624266,287256423624266,0,287256423905313,287256423905834,287256425840678,287256425886511,287261167345837,287256423887761,8318912,13666666,287256427148647,287256427170730,287256427716251,287256429227501,287256436243230,12396,132657,287256436243230,287256429412761,0,287256429227501,
32,153237588,287256431943177,287256431943177,0,287256432269063,287256432269793,287256434066147,287256434104116,287261183983661,287256432254897,8318912,13666666,287256434945418,287256434952032,287256435324220,287256436463543,287256442870105,6094,98594,287256442870105,287256436599584,0,287256436463543,
32,153237596,287256440262089,287256440262089,0,287256440444220,287256440444793,287256442388699,287256442436251,287261200621485,287256440431459,8318912,13666666,287256444147032,287256444157709,287256444607761,287256446317866,287256452326824,6615,212500,287256452326824,287256446605366,0,287256446317866,
32,153237604,287256448580983,287256448580983,0,287256448887345,287256448887866,287256451205678,287256451250261,287261217259308,287256448872553,8318911,13666666,287256452643438,287256452657813,287256453109272,287256454612813,287256461053959,8386,145625,287256461053959,287256454811772,0,287256454612813,
32,153237612,287256456899894,287256456899894,0,287256457234949,287256457235522,287256459142553,287256459188386,287261233897130,287256457219168,8318911,13666666,287256460435001,287256460444532,287256460872605,287256462406199,287256469782970,6354,128177,287256469782970,287256462582605,0,287256462406199,
32,153237620,287256465218803,287256465218803,0,287256465609011,287256465609532,287256466358543,287256466397657,287261250534952,287256465593803,8318911,13666666,287256466870001,287256466879011,287256467365261,287256468661043,287256477060470,6354,1148021,287256477060470,287256469865209,0,287256468661043,
32,153237628,287256473537734,287256473537734,0,287256473766772,287256473767240,287256475238334,287256475281095,287261267172775,287256473752761,8318912,13666666,287256476182865,287256476200990,287256476554115,287256477643751,287256484383907,4896,164063,287256484383907,287256477870418,0,287256477643751,
32,153237636,287256481856646,287256481856646,0,287256482262813,287256482263438,287256484345678,287256484389011,287261283810599,287256482248490,8318912,13666666,287256485572136,287256485580313,287256485952449,287256487113699,287256493706511,5573,115677,287256493706511,287256487273334,0,287256487113699,
32,153237644,287256490175570,287256490175570,0,287256490400990,287256490401615,287256492337709,287256492385574,287261300448424,287256490387397,8318913,13666666,287256493635522,287256493659480,287256494065418,287256495478126,287256502799636,6667,125937,287256502799636,287256495649949,0,287256495478126,
32,153237652,287256498494483,287256498494483,0,287256498705574,287256498706199,287256498950782,287256498992501,287261317086250,287256498692761,8318913,13666666,287256499302397,287256499306824,287256499635626,287256501647032,287256509006147,4636,1163750,287256509006147,287256502846928,0,287256501647032,
32,153237660,287256506813397,287256506813397,0,287256506989584,287256506989949,287256509516876,287256509553595,287261333724076,287256506976928,8318913,13666666,287256510854272,287256510861511,287256511215574,287256512294532,287256517410157,6250,88541,287256517410157,287256512431095,0,287256512294532,
32,153237668,287256515132295,287256515132295,0,287256515343907,287256515344376,287256516685782,287256516727970,287261350361901,287256515331668,8318912,13666666,287256517156511,287256517163022,287256517561511,287256518756251,287256527559480,5312,109792,287256527559480,287256518910522,0,287256518756251,
32,153237676,287256523451196,287256523451196,0,287256523715730,287256523716199,287256525405834,287256525454115,287261366999724,287256523702397,8318911,13666666,287256526506928,287256526526095,287256526895418,287256528029793,287256536135001,5417,104532,287256536135001,287256528173230,0,287256528029793,
32,153237684,287256531770108,287256531770108,0,287256532150157,287256532150834,287256534271407,287256534340105,287261383637546,287256532134949,8318911,13666666,287256536409220,287256536418282,287256536856355,287256538176043,287256542741199,6198,124948,287256542741199,287256538348855,0,287256538176043,
32,153237692,287256540089019,287256540089019,0,287256540286043,287256540286355,287256541782397,287256541820782,287261400275368,287256540275261,8318911,13666666,287256542695782,287256542724897,287256543066147,287256544160053,287256551181615,5834,93802,287256551181615,287256544288230,0,287256544160053,
32,153237700,287256548407936,287256548407936,0,287256548659011,287256548659688,287256548845886,287256548916876,287261416913190,287256548644480,8318911,13666666,287256549212084,287256549219115,287256549582657,287256550767865,287256559853334,5052,494375,287256559853334,287256551317084,0,287256550767865,
32,153237708,287256556726847,287256556726847,0,287256557098178,287256557098803,287256557284063,287256557336772,287261433551012,287256557079793,8318911,13666666,287256557437501,287256557466147,287256557896772,287256559460990,287256568369636,7344,392656,287256568369636,287256559908490,0,287256559460990,
32,153237716,287256565045761,287256565045761,0,287256565558490,287256565559428,287256565783282,287256565853334,287261450188834,287256565535938,8318911,13666666,287256565986095,287256566081615,287256566521824,287256568028907,287256577817084,7292,353281,287256577817084,287256568437865,0,287256568028907,
32,153237724,287256573364683,287256573364683,0,287256573873178,287256573874115,287256574343386,287256574416563,287261466826657,287256573849688,8318912,13666666,287256574545157,287256574641459,287256575181407,287256576981355,287256586556303,7083,836719,287256586556303,287256577873282,0,287256576981355,
32,153237732,287256581683606,287256581683606,0,287256582005470,287256582006147,287256582191147,287256582253543,287261483464482,287256581988803,8318913,13666666,287256582360834,287256582369793,287256582818855,287256584319011,287256594544949,7135,2242031,287256594544949,287256586615938,0,287256584319011,
32,153237740,287256590002520,287256590002520,0,287256590373438,287256590374115,287256590639897,287256590689636,287261500102308,287256590357813,8318913,13666666,287256590803178,287256590817918,287256591246407,287256593281511,287256603231980,9427,1278177,287256603231980,287256594621980,0,287256593281511,
32,153237748,287256598321434,287256598321434,0,287256598694220,287256598695001,287256599096668,287256599226824,287261516740134,287256598672605,8318913,13666666,287256599359272,287256599369584,287256599834168,287256601413803,287256611189011,9375,1829063,287256611189011,287256603298959,0,287256601413803,
32,153237756,287256606640345,287256606640345,0,287256607037084,287256607037657,287256607193699,287256607243490,287261533377959,287256607020626,8318912,13666666,287256607344949,287256607385990,287256607791615,287256609281147,287256619871980,9636,2013333,287256619871980,287256611367709,0,287256609281147,
32,153237764,287256614959243,287256614959243,0,287256615504793,287256615505678,287256615766355,287256616052084,287261550015783,287256615479949,8318912,13666666,287256616317553,287256616360574,287256616941772,287256618728543,287256627798126,7865,1168437,287256627798126,287256619962918,0,287256618728543,
32,153237772,287256623278144,287256623278144,0,287256623677970,287256623678803,287256623926563,287256623985313,287261566653606,287256623653803,8318911,13666666,287256624104115,287256624116876,287256624609949,287256626335209,287256636532084,11042,1471927,287256636532084,287256627876720,0,287256626335209,
32,153237780,287256631597044,287256631597044,0,287256632264740,287256632265418,287256632444063,287256632486407,287261583291427,287256632251095,8318910,13666666,287256632569845,287256632579636,287256633155938,287256634695001,287256644416303,7552,1856302,287256644416303,287256636603230,0,287256634695001,
32,153237788,287256639915982,287256639915982,0,287256640376043,287256640376876,287256640593855,287256640668074,287261599929249,287256640346407,8318912,13666666,287256640826459,287256640871407,287256641365730,287256642856355,287256652970626,7500,1626302,287256652970626,287256644534063,0,287256642856355,
32,153237796,287256648234894,287256648234894,0,287256648733543,287256648734272,287256649206511,287256649252761,287261616567073,287256648705574,8318912,13666666,287256649341615,287256649349532,287256649842397,287256651315053,287256660934428,6250,1775052,287256660934428,287256653160730,0,287256651315053,
32,153237804,287256656553792,287256656553792,0,287256657027345,287256657027761,287256657246772,287256657266668,287261633204896,287256657020574,8318911,13666666,287256657390001,287256657482553,287256658062813,287256659498126,287256668079636,9896,1473229,287256668079636,287256661060678,0,287256659498126,
32,153237812,287256664872717,287256664872717,0,287256665253178,287256665253699,287256672793595,287256672853959,287261649842719,287256665238699,8318912,13666666,287256676749740,287256676778699,287256677448751,287256678925834,287256680953386,9896,171250,287256680953386,287256679151824,125780153691231,287256678925834,
32,153237820,287256673191625,287256673191625,0,287256677594740,287256677594897,287256677678230,287256677707188,287261666480543,287256677588855,8318912,13666666,287256677807970,287256679180782,287256679581043,287256680857240,287256684197553,5104,146563,287256684197553,287256681046720,7309464732524569964,287256680857240,
32,153237828,287256681510499,287256681510499,0,287256681802084,287256681802501,287256681934793,287256682003334,287261683118364,287256681783543,8318909,13666666,287256682088959,287256682118959,287256682391928,287256683557709,287256692659897,2709,655313,287256692659897,287256684249740,8100961328684823647,287256683557709,
32,153237836,287256689829425,287256689829425,0,287256690336876,287256690379220,287256690655886,287256690736563,287261699756183,287256690307345,8318910,13666666,287256690905105,287256690923334,287256691381407,287256692941042,287256702561147,6146,169115,287256702561147,287256693160417,7809911830588908916,287256692941042,
32,153237844,287256698148335,287256698148335,0,287256698622813,287256698623542,287256698795938,287256698859115,287261716394003,287256698604532,8318910,13666666,287256698973699,287256699042761,287256699483438,287256701181355,287256716563178,7865,1406458,287256716563178,287256702650209,7306085877491393385,287256701181355,
32,153237852,287256706467247,287256706467247,0,287256707299688,287256707300730,287256707925417,287256708224324,287261733031823,287256707226042,8318910,13666666,287256708430313,287256708461876,287256709710001,287256713326147,287256721879376,18021,3374687,287256721879376,287256716884584,8097316434837661042,287256713326147,
32,153237860,287256714786156,287256714786156,0,287256715233647,287256715234011,287256715713542,287256715989376,287261749669643,287256715183490,8318910,13666666,287256716431199,287256716949272,287256718314636,287256721124115,287256727110157,1261146,772500,287256727110157,287256721942917,0,287256721124115,
32,153237868,287256723105084,287256723105084,0,287256723370522,287256723370938,287256723502240,287256723568074,287261766307464,287256723355730,8318911,13666666,287256723663855,287256723683282,287256724415001,287256725605313,287256733876928,4010,1520625,287256733876928,287256727171251,0,287256725605313,
32,153237876,287256731423993,287256731423993,0,287256731623386,287256731623751,287256731760157,287256731804272,287261782945286,287256731609688,8318911,13666666,287256731895990,287256731903803,287256732418751,287256733884740,287256742218959,6355,221614,287256742218959,287256734164480,0,287256733884740,
32,153237884,287256739742890,287256739742890,0,287256739915574,287256739915938,287256740047709,287256740088230,287261799583107,287256739902345,8318910,13666666,287256740170417,287256740191407,287256740586459,287256741683595,287256758307240,4531,573334,287256758307240,287256742316095,0,287256741683595,
32,153237892,287256748061800,287256748061800,0,287256749126407,287256749127032,287256749790782,287256750034011,287261816220927,287256749051199,8318910,13666666,287256750527761,287256750619792,287256752610834,287256758432501,287256762899949,381823,164791,287256762899949,287256758659532,0,287256758432501,
32,153237900,287256756380708,287256756380708,0,287256757438074,287256757443178,287256758155678,287256758252136,287261832858747,287256757354792,8318910,13666666,287256758342761,287256758688022,287256759283178,287256761210938,287256766644115,710053,1846823,287256766644115,287256763171095,0,287256761210938,
32,153237908,287256764699636,287256764699636,0,287256764973438,287256764974115,287256765124011,287256765189845,287261849496568,287256764953959,8318911,13666666,287256765286355,287256765328959,287256765927501,287256767328126,287256776882813,12552,218750,287256776882813,287256767605261,0,287256767328126,
32,153237916,287256773018547,287256773018547,0,287256773404428,287256773405470,287256773632292,287256773680834,287261866134390,287256773387449,8318911,13666666,287256773739845,287256773807240,287256774422292,287256775847084,287256783809584,6458,1034948,287256783809584,287256776973647,0,287256775847084,
32,153237940,287256797975319,287256797975319,0,287256798365209,287256798366199,287256798703334,287256798800782,287261882772214,287256798345990,8318913,13666666,287256799026667,287256799117657,287256800204011,287256802436511,287256804381928,15468,287709,287256804381928,287256802819063,0,287256802436511,
32,153237948,287256806294246,287256806294246,0,287256806856095,287256806856824,287256807129480,287256807243490,287261899410041,287256806830938,8318914,13666666,287256807446303,287256807538126,287256808167553,287256809775730,287256811475886,6875,173281,287256811475886,287256810005365,0,287256809775730,
32,153237956,287256814613160,287256814613160,0,287256816027917,287256816028542,287256816243386,287256816333490,287261916047869,287256815985834,8318914,13666666,287256816511407,287256816530470,287256817137292,287256818686720,287256821224688,8177,179062,287256821224688,287256818922657,0,287256818686720,
32,153237964,287256822932086,287256822932086,0,287256823219167,287256823219792,287256823358438,287256823425209,287261932685698,287256823202761,8318915,13666666,287256823712761,287256823755522,287256824286355,287256825764167,287256827732136,7239,179271,287256827732136,287256826002865,0,287256825764167,
32,153237972,287256831251000,287256831251000,0,287256831794897,287256831795626,287256831942136,287256832029845,287261949323528,287256831777501,8318915,13666666,287256832326667,287256832481928,287256833017084,287256834427605,287256836895053,8229,468437,287256836895053,287256834960209,0,287256834427605,
32,153237980,287256839569913,287256839569913,0,287256840045417,287256840046095,287256840369584,287256840470157,287261965961358,287256840028855,8318915,13666666,287256840659740,287256840718438,287256841227292,287256842548699,287256844570522,5885,153542,287256844570522,287256842754063,0,287256842548699,
32,153237988,287256847888810,287256847888810,0,287256848221095,287256848221615,287256848370574,287256848432813,287261982599187,287256848209428,8318914,13666666,287256848575209,287256848587136,287256849133490,287256850516824,287256852845834,7136,163386,287256852845834,287256850739845,0,287256850516824,
32,153237996,287256856207709,287256856207709,0,287256856590626,287256856591251,287256856710209,287256856890001,287261999237014,287256856574167,8318913,13666666,287256857033959,287256857099480,287256857680782,287256859079740,287256861068490,7656,164948,287256861068490,287256859300417,0,287256859079740,
32,153238004,287256864526609,287256864526609,0,287256864970990,287256864971615,287256865111355,287256865179167,287262015874839,287256864955053,8318912,13666666,287256865297553,287256865312345,287256865834167,287256867134480,287256869610678,6614,143281,287256869610678,287256867396251,0,287256867134480,
32,153238012,287256872845518,287256872845518,0,287256873478282,287256873478959,287256873603699,287256873674584,287262032512662,287256873461303,8318911,13666666,287256873807553,287256873820522,287256874357136,287256875746407,287256877755886,6510,154740,287256877755886,287256875957605,0,287256875746407,
32,153238020,287256881164415,287256881164415,0,287256881965157,287256881965834,287256882110365,287256882177449,287262049150484,287256881946459,8318911,13666666,287256882307084,287256882322292,287256882852917,287256884283803,287256886754532,7344,155416,287256886754532,287256884493178,0,287256884283803,
32,153238028,287256889483327,287256889483327,0,287256889807292,287256889807970,287256889983438,287256890052084,287262065788306,287256889788855,8318911,13666666,287256890214115,287256890264636,287256890723542,287256892096042,287256893940678,5104,166042,287256893940678,287256892315313,0,287256892096042,
32,153238036,287256897802237,287256897802237,0,287256898221667,287256898222345,287256898425834,287256898497501,287262082426128,287256898205522,8318911,13666666,287256898647032,287256898657709,287256899184688,287256900609845,287256902735782,7552,157917,287256902735782,287256900829949,0,287256900609845,
32,153238044,287256906121134,287256906121134,0,287256906558438,287256906559376,287256906690574,287256906755365,287262099063949,287256906540157,8318910,13666666,287256906975522,287256907014219,287256907568594,287256908939480,287256910946928,7031,161979,287256910946928,287256909153959,0,287256908939480,
32,153238052,287256914440048,287256914440048,0,287256915536303,287256915538594,287256915886042,287256916127813,287262115701769,287256915483074,8318910,13666666,287256916377136,287256916392397,287256916939011,287256918311094,287256919961147,7656,163698,287256919961147,287256918537501,0,287256918311094,
32,153238060,287256922758949,287256922758949,0,287256923319115,287256923319636,287256923504688,287256923596824,287262132339588,287256923300261,8318909,13666666,287256923786772,287256923847084,287256924425365,287256925755626,287256927901928,6093,176250,287256927901928,287256925989115,0,287256925755626,
32,153238068,287256931077848,287256931077848,0,287256931471876,287256931472657,287256931593855,287256931655782,287262148977405,287256931454688,8318908,13666666,287256931774792,287256931797813,287256932354688,287256933725574,287256935685209,7812,160781,287256935685209,287256933944844,0,287256933725574,
32,153238076,287256939396771,287256939396771,0,287256939822240,287256939823178,287256940049740,287256940140522,287262165615221,287256939802344,8318908,13666666,287256940354897,287256940441876,287256940883907,287256942100574,287256943899740,6250,140521,287256943899740,287256942294480,0,287256942100574,
32,153238084,287256947715668,287256947715668,0,287256947972969,287256947973594,287256948117657,287256948205417,287262182253037,287256947954532,8318908,13666666,287256948387292,287256948441928,287256948846251,287256949962344,287256951515261,5208,135469,287256951515261,287256950143751,0,287256949962344,
32,153238092,287256956034609,287256956034609,0,287256956433647,287256956434272,287256956564480,287256956627344,287262198890855,287256956415261,8318910,13666666,287256956809792,287256956862813,287256957301772,287256958593334,287256960397969,7031,142917,287256960397969,287256958792449,0,287256958593334,
32,153238100,287256964353519,287256964353519,0,287256964637865,287256964638386,287256964761459,287256964816199,287262215528675,287256964622032,8318910,13666666,287256965036407,287256965072084,287256965556511,287256966823126,287256969127657,6198,144115,287256969127657,287256967019740,0,287256966823126,
32,153238115,287256972672427,287256972672427,0,287256972968751,287256972969272,287256973218074,287256973294272,287262232166495,287256972953386,8318910,13666666,287256973424636,287256973481876,287256974086511,287256975522813,287256977310522,8073,160260,287256977310522,287256975742344,0,287256975522813,
32,153238130,287256980991347,287256980991347,0,287256981235886,287256981236407,287256981371667,287256981437397,287262248804316,287256981220782,8318911,13666666,287256981619480,287256981660001,287256982114219,287256983378490,287256984946511,6302,138541,287256984946511,287256983572761,0,287256983378490,
32,153238145,287256989310258,287256989310258,0,287256989761667,287256989762084,287256989910626,287256989979272,287262265442138,287256989743594,8318911,13666666,287256990112397,287256990164897,287256990690105,287256992161615,287256993973751,8334,152240,287256993973751,287256992368542,0,287256992161615,
32,153238160,287256997629167,287256997629167,0,287256998109063,287256998109844,287256998265626,287256998341042,287262282079960,287256998089480,8318911,13666666,287256998490886,287256998501355,287256999066147,287257000615938,287257003012761,8229,214323,287257003012761,287257000891251,0,287257000615938,
32,153238168,287257005948089,287257005948089,0,287257006335730,287257006336355,287257006491042,287257006557657,287262298717783,287257006317917,8318912,13666666,287257006740938,287257006754272,287257007311355,287257008815261,287257010654532,7240,156719,287257010654532,287257009025157,0,287257008815261,
32,153238176,287257014266990,287257014266990,0,287257014580678,287257014581459,287257014717917,287257014777813,287262315355606,287257014565053,8318911,13666666,287257014905261,287257014916980,287257015410730,287257016785365,287257019130626,7135,162865,287257019130626,287257017004219,0,287257016785365,
32,153238184,287257022585901,287257022585901,0,287257023152084,287257023153074,287257023293386,287257023358438,287262331993428,287257022988334,8318911,13666666,287257023478074,287257023533542,287257023995261,287257025330209,287257027174063,27135,152396,287257027174063,287257025539428,0,287257025330209,
32,153238192,287257030904813,287257030904813,0,287257031309584,287257031310209,287257031432709,287257031493594,287262348631250,287257031294063,8318911,13666666,287257031613178,287257031629688,287257032167084,287257033469480,287257035821042,7448,146614,287257035821042,287257033729792,0,287257033469480,
32,153238200,287257039223740,287257039223740,0,287257039712865,287257039804376,287257039958907,287257040051042,287262365269073,287257039693751,8318912,13666666,287257040183907,287257040195782,287257040652397,287257041966147,287257043808282,7448,153177,287257043808282,287257042173959,0,287257041966147,
32,153238208,287257047542654,287257047542654,0,287257048063907,287257048064584,287257048225886,287257048285782,287262381906897,287257048046615,8318912,13666666,287257048398542,287257048413230,287257048858022,287257050141094,287257052216563,7083,145313,287257052216563,287257050339063,0,287257050141094,
32,153238216,287257055861568,287257055861568,0,287257056348647,287257056349324,287257056496563,287257056561511,287262398544721,287257056332865,8318912,13666666,287257056623855,287257056676772,287257057137292,287257058400209,287257060292240,7031,139375,287257060292240,287257058589272,0,287257058400209,
---PROFILEDATA---


View hierarchy:

  com.chasel.ng2/com.chasel.ng2.MainActivity/android.view.ViewRootImpl@6eba463
  346 views, 795.27 kB of render nodes


  Dynamic VRI BBQ Log.  render_draw: false  hdr_dimmer: false  blur_blend: false  hwui_window_decor: false  sync_barrier: false

Total ViewRootImpl   : 1
Total attached Views : 346
Total RenderNode     : 795.27 kB (used) / 2507.34 kB (capacity)
