Applications Graphics Acceleration Info:
Uptime: 286210709 Realtime: 769350184

** Graphics info for pid 8490 [com.chasel.ng2.n] **

Stats since: 286191652282803ns
Total frames rendered: 1382
Janky frames: 1 (0.07%)
Janky frames (legacy): 12 (0.87%)
50th percentile: 5ms
90th percentile: 11ms
95th percentile: 13ms
99th percentile: 14ms
Number Missed Vsync: 0
Number High input latency: 2082
Number Slow UI thread: 1
Number Slow bitmap uploads: 0
Number Slow issue draw commands: 0
Number Frame deadline missed: 1
Number Frame deadline missed (legacy): 0
HISTOGRAM: 5ms=720 6ms=42 7ms=14 8ms=88 9ms=282 10ms=36 11ms=74 12ms=48 13ms=64 14ms=8 15ms=2 16ms=4 17ms=0 18ms=0 19ms=0 20ms=0 21ms=0 22ms=0 23ms=0 24ms=0 25ms=0 26ms=0 27ms=0 28ms=0 29ms=0 30ms=0 31ms=0 32ms=0 34ms=0 36ms=0 38ms=0 40ms=0 42ms=0 44ms=0 46ms=0 48ms=0 53ms=0 57ms=0 61ms=0 65ms=0 69ms=0 73ms=0 77ms=0 81ms=0 85ms=0 89ms=0 93ms=0 97ms=0 101ms=0 105ms=0 109ms=0 113ms=0 117ms=0 121ms=0 125ms=0 129ms=0 133ms=0 150ms=0 200ms=0 250ms=0 300ms=0 350ms=0 400ms=0 450ms=0 500ms=0 550ms=0 600ms=0 650ms=0 700ms=0 750ms=0 800ms=0 850ms=0 900ms=0 950ms=0 1000ms=0 1050ms=0 1100ms=0 1150ms=0 1200ms=0 1250ms=0 1300ms=0 1350ms=0 1400ms=0 1450ms=0 1500ms=0 1550ms=0 1600ms=0 1650ms=0 1700ms=0 1750ms=0 1800ms=0 1850ms=0 1900ms=0 1950ms=0 2000ms=0 2050ms=0 2100ms=0 2150ms=0 2200ms=0 2250ms=0 2300ms=0 2350ms=0 2400ms=0 2450ms=0 2500ms=0 2550ms=0 2600ms=0 2650ms=0 2700ms=0 2750ms=0 2800ms=0 2850ms=0 2900ms=0 2950ms=0 3000ms=0 3050ms=0 3100ms=0 3150ms=0 3200ms=0 3250ms=0 3300ms=0 3350ms=0 3400ms=0 3450ms=0 3500ms=0 3550ms=0 3600ms=0 3650ms=0 3700ms=0 3750ms=0 3800ms=0 3850ms=0 3900ms=0 3950ms=0 4000ms=0 4050ms=0 4100ms=0 4150ms=0 4200ms=0 4250ms=0 4300ms=0 4350ms=0 4400ms=0 4450ms=0 4500ms=0 4550ms=0 4600ms=0 4650ms=0 4700ms=0 4750ms=0 4800ms=0 4850ms=0 4900ms=0 4950ms=0
50th gpu percentile: 3ms
90th gpu percentile: 10ms
95th gpu percentile: 11ms
99th gpu percentile: 12ms
GPU HISTOGRAM: 1ms=4 2ms=404 3ms=316 4ms=54 5ms=18 6ms=38 7ms=120 8ms=224 9ms=52 10ms=62 11ms=48 12ms=40 13ms=2 14ms=0 15ms=0 16ms=0 17ms=0 18ms=0 19ms=0 20ms=0 21ms=0 22ms=0 23ms=0 24ms=0 25ms=0 4950ms=0

Pipeline=Skia (Vulkan)
Memory policy:
  Max surface area: 3240320
  Max resource usage: 466.61MB (x48)
  Background retention: 50% (altUiHidden = true)
  GPU Context timeout: 10
Contexts: 1 (stopped = 0)
CPU Caches:
  Glyph Cache: 9.94 MB (1 entry)
  Glyph Count: 388 
Total CPU memory usage:
  10418867 bytes, 9.94 MB (0.00 bytes is purgeable)
GPU Caches:
  Other:
    Other: 25.86 KB (1 entry)
    Buffer Object: 2.94 KB (6 entries)
    GrVkImage: 960.00 KB (4 entries)
  Scratch:
    GrVkTextureRenderTarget: 62.85 MB (8 entries)
    Surface: 6.00 MB (4 entries)
    Buffer Object: 846.00 KB (17 entries)
    GrVkImage: 960.00 KB (23 entries)
  Image:
    Surface: 6.64 MB (7 entries)
Total GPU memory usage:
  82018528 bytes, 78.22 MB (17.16 MB is purgeable)
Detail dimensions: 
Surface:				16560		{69x60}	2
Surface:				75076		{137x137}	3
GrVkImage:				0		{640x1390}	1
GrVkImage:				0		{69x60}	2
GrVkImage:				0		{137x137}	3
Buffer Object:				49152		{0x0}	1
GrVkImage:				0		{2048x1024}	3
Surface:				2097152		{2048x1024}	3
GrVkImage:				0		{768x1024}	1
Surface:				3558400		{640x1390}	1
Buffer Object:				30720		{0x0}	1
Surface:				3145728		{768x1024}	1
GrVkImage:				0		{1220x2656}	4
GrVkTextureRenderTarget:				12961280		{1220x2656}	4
GrVkImage:				65536		{512x32}	2
Surface:				128		{128x1}	1
GrVkImage:				0		{512x32}	1
GrVkImage:				0		{128x1}	1
GrVkImage:				131072		{256x128}	2
GrVkImage:				0		{256x128}	1
GrVkImage:				262144		{512x128}	2
GrVkImage:				0		{512x128}	1
GrVkImage:				0		{1472x2368}	1
Buffer Object:				264		{0x0}	1
Buffer Object:				186		{0x0}	1
Buffer Object:				65536		{0x0}	4
GrVkImage:				524288		{512x256}	2
Buffer Object:				32768		{0x0}	9
Buffer Object:				131072		{0x0}	1
GrVkTextureRenderTarget:				16384		{512x32}	1
GrVkTextureRenderTarget:				13942784		{1472x2368}	1
GrVkTextureRenderTarget:				32768		{256x128}	1
Buffer Object:				98304		{0x0}	1
Buffer Object:				272		{0x0}	1
Buffer Object:				192		{0x0}	1
Buffer Object:				1920		{0x0}	1
Buffer Object:				180		{0x0}	1
GrVkTextureRenderTarget:				65536		{512x128}	1

GraphicBufferAllocator buffers:
            Handle |         Size |     W (Stride) x H | Layers |   Format |      Usage | Requestor
0xb400007badcb6b30 | 13280.00 KiB | 1220 (1280) x 2656 |      1 |        1 | 0x10000b00 | VRI[MainActivity]#5(BLAST Consumer)5
0xb400007badcb8080 | 13280.00 KiB | 1220 (1280) x 2656 |      1 |        1 | 0x10000b00 | VRI[MainActivity]#5(BLAST Consumer)5
0xb400007badcb81e0 | 13280.00 KiB | 1220 (1280) x 2656 |      1 |        1 | 0x10000b00 | VRI[MainActivity]#5(BLAST Consumer)5
0xb400007badcb93c0 | 13280.00 KiB | 1220 (1280) x 2656 |      1 |        1 | 0x10000b00 | VRI[MainActivity]#5(BLAST Consumer)5
0xb400007badcc57b0 |  3475.00 KiB |  640 ( 640) x 1390 |      1 |        1 | 0x     100 | AHardwareBuffer pid [8490]
0xb400007badcc5f40 |   102.75 KiB |  137 ( 192) x  137 |      1 |        1 | 0x     100 | AHardwareBuffer pid [8490]
0xb400007badcc9c70 |   102.75 KiB |  137 ( 192) x  137 |      1 |        1 | 0x     100 | AHardwareBuffer pid [8490]
0xb400007badcda310 |  3475.00 KiB |  640 ( 640) x 1390 |      1 |        1 | 0x     100 | AHardwareBuffer pid [8490]
0xb400007badcdd5f0 |    30.00 KiB |   69 ( 128) x   60 |      1 |        1 | 0x     100 | AHardwareBuffer pid [8490]
0xb400007badce1a00 |    30.00 KiB |   69 ( 128) x   60 |      1 |        1 | 0x     100 | AHardwareBuffer pid [8490]
0xb400007badd03240 |  3072.00 KiB |  768 ( 768) x 1024 |      1 |        1 | 0x     100 | AHardwareBuffer pid [8490]
0xb400007baddd8650 |   102.75 KiB |  137 ( 192) x  137 |      1 |        1 | 0x     100 | AHardwareBuffer pid [8490]
Total allocated by GraphicBufferAllocator (estimate): 63510.25 KB
Imported gralloc buffers:
+ name:VRI[MainActivity]#5(BLAST Consumer)5, id:283975, size:13364.00KiB, w/h:1220x2656, usage: 0x10000b00, req fmt:1, fourcc/mod:0/0, dataspace: 0x8810000, compressed: true
+ name:VRI[MainActivity]#5(BLAST Consumer)5, id:283974, size:13364.00KiB, w/h:1220x2656, usage: 0x10000b00, req fmt:1, fourcc/mod:0/0, dataspace: 0x8810000, compressed: true
+ name:VRI[MainActivity]#5(BLAST Consumer)5, id:283973, size:13364.00KiB, w/h:1220x2656, usage: 0x10000b00, req fmt:1, fourcc/mod:0/0, dataspace: 0x8810000, compressed: true
+ name:AHardwareBuffer pid [8490], id:283834, size:32.00KiB, w/h:69x60, usage: 0x100, req fmt:1, fourcc/mod:875708993/0, dataspace: 0x0, compressed: false
+ name:AHardwareBuffer pid [8490], id:283825, size:3476.00KiB, w/h:640x1390, usage: 0x100, req fmt:1, fourcc/mod:875708993/0, dataspace: 0x0, compressed: false
+ name:VRI[MainActivity]#5(BLAST Consumer)5, id:283976, size:13364.00KiB, w/h:1220x2656, usage: 0x10000b00, req fmt:1, fourcc/mod:0/0, dataspace: 0x8810000, compressed: true
+ name:AHardwareBuffer pid [8490], id:283827, size:104.00KiB, w/h:137x137, usage: 0x100, req fmt:1, fourcc/mod:875708993/0, dataspace: 0x0, compressed: false
+ name:AHardwareBuffer pid [8490], id:283812, size:32.00KiB, w/h:69x60, usage: 0x100, req fmt:1, fourcc/mod:875708993/0, dataspace: 0x0, compressed: false
+ name:AHardwareBuffer pid [8490], id:283835, size:3072.00KiB, w/h:768x1024, usage: 0x100, req fmt:1, fourcc/mod:875708993/0, dataspace: 0x0, compressed: false
+ name:AHardwareBuffer pid [8490], id:283824, size:104.00KiB, w/h:137x137, usage: 0x100, req fmt:1, fourcc/mod:875708993/0, dataspace: 0x0, compressed: false
+ name:AHardwareBuffer pid [8490], id:283826, size:3476.00KiB, w/h:640x1390, usage: 0x100, req fmt:1, fourcc/mod:875708993/0, dataspace: 0x0, compressed: false
+ name:AHardwareBuffer pid [8490], id:283833, size:104.00KiB, w/h:137x137, usage: 0x100, req fmt:1, fourcc/mod:875708993/0, dataspace: 0x0, compressed: false
Total imported by gralloc: 63856.00KiB

Profile data in ms:

	com.chasel.ng2.n/com.chasel.ng2n.MainActivity/android.view.ViewRootImpl@f99ef86 (visibility=0)
Window: com.chasel.ng2.n/com.chasel.ng2n.MainActivity
Stats since: 286191652282699ns
Total frames rendered: 1382
Janky frames: 1 (0.07%)
Janky frames (legacy): 12 (0.87%)
50th percentile: 5ms
90th percentile: 11ms
95th percentile: 13ms
99th percentile: 14ms
Number Missed Vsync: 0
Number High input latency: 2082
Number Slow UI thread: 1
Number Slow bitmap uploads: 0
Number Slow issue draw commands: 0
Number Frame deadline missed: 1
Number Frame deadline missed (legacy): 0
HISTOGRAM: 5ms=720 6ms=42 7ms=14 8ms=88 9ms=282 10ms=36 11ms=74 12ms=48 13ms=64 14ms=8 15ms=2 16ms=4 17ms=0 18ms=0 19ms=0 20ms=0 21ms=0 22ms=0 23ms=0 24ms=0 25ms=0 26ms=0 27ms=0 28ms=0 29ms=0 30ms=0 31ms=0 32ms=0 34ms=0 36ms=0 38ms=0 40ms=0 42ms=0 44ms=0 46ms=0 48ms=0 53ms=0 57ms=0 61ms=0 65ms=0 69ms=0 73ms=0 77ms=0 81ms=0 85ms=0 89ms=0 93ms=0 97ms=0 101ms=0 105ms=0 109ms=0 113ms=0 117ms=0 121ms=0 125ms=0 129ms=0 133ms=0 150ms=0 200ms=0 250ms=0 300ms=0 350ms=0 400ms=0 450ms=0 500ms=0 550ms=0 600ms=0 650ms=0 700ms=0 750ms=0 800ms=0 850ms=0 900ms=0 950ms=0 1000ms=0 1050ms=0 1100ms=0 1150ms=0 1200ms=0 1250ms=0 1300ms=0 1350ms=0 1400ms=0 1450ms=0 1500ms=0 1550ms=0 1600ms=0 1650ms=0 1700ms=0 1750ms=0 1800ms=0 1850ms=0 1900ms=0 1950ms=0 2000ms=0 2050ms=0 2100ms=0 2150ms=0 2200ms=0 2250ms=0 2300ms=0 2350ms=0 2400ms=0 2450ms=0 2500ms=0 2550ms=0 2600ms=0 2650ms=0 2700ms=0 2750ms=0 2800ms=0 2850ms=0 2900ms=0 2950ms=0 3000ms=0 3050ms=0 3100ms=0 3150ms=0 3200ms=0 3250ms=0 3300ms=0 3350ms=0 3400ms=0 3450ms=0 3500ms=0 3550ms=0 3600ms=0 3650ms=0 3700ms=0 3750ms=0 3800ms=0 3850ms=0 3900ms=0 3950ms=0 4000ms=0 4050ms=0 4100ms=0 4150ms=0 4200ms=0 4250ms=0 4300ms=0 4350ms=0 4400ms=0 4450ms=0 4500ms=0 4550ms=0 4600ms=0 4650ms=0 4700ms=0 4750ms=0 4800ms=0 4850ms=0 4900ms=0 4950ms=0
50th gpu percentile: 3ms
90th gpu percentile: 10ms
95th gpu percentile: 11ms
99th gpu percentile: 12ms
GPU HISTOGRAM: 1ms=4 2ms=404 3ms=316 4ms=54 5ms=18 6ms=38 7ms=120 8ms=224 9ms=52 10ms=62 11ms=48 12ms=40 13ms=2 14ms=0 15ms=0 16ms=0 17ms=0 18ms=0 19ms=0 20ms=0 21ms=0 22ms=0 23ms=0 24ms=0 25ms=0 4950ms=0


RenderLite trim renderNode error: 0

---PROFILEDATA---
Flags,FrameTimelineVsyncId,IntendedVsync,Vsync,InputEventId,HandleInputStart,AnimationStart,PerformTraversalsStart,DrawStart,FrameDeadline,FrameStartTime,FrameInterval,WorkloadTarget,SyncQueued,SyncStart,IssueDrawCommandsStart,SwapBuffers,FrameCompleted,DequeueBufferDuration,QueueBufferDuration,GpuCompleted,SwapBuffersCompleted,DisplayPresentTime,CommandSubmissionCompleted,
32,153140990,286197566848264,286197566848264,0,286197567214832,286197567215405,286197567652540,286197567685926,286199502183319,286197567196499,8318912,13666666,286197567774103,286197567868894,286197567948790,286197569170561,286197575876342,8541,172812,286197575876342,286197569402019,0,286197569170561,
32,153140998,286197575167173,286197575167173,0,286197575655040,286197575655561,286197576081707,286197576114624,286199518821143,286197575633165,8318912,13666666,286197576272749,286197576296290,286197576350301,286197577310197,286197584591134,9688,144479,286197584591134,286197577510874,0,286197577310197,
32,153141006,286197583486081,286197583486081,0,286197583897592,286197583898113,286197584138322,286197584172853,286199535458967,286197583880353,8318912,13666666,286197584341186,286197584370926,286197584440561,286197585302072,286197592232280,7187,173177,286197592232280,286197585530978,0,286197585302072,
32,153141014,286197591805007,286197591805007,0,286197592275092,286197592275717,286197592486134,286197592517592,286199552096792,286197592258426,8318913,13666666,286197592689988,286197592728426,286197592783582,286197593703738,286197601204051,8229,144167,286197601204051,286197593899884,0,286197593703738,
32,153141022,286197600123921,286197600123921,0,286197600407384,286197600407957,286197600615092,286197600667228,286199568734618,286197600390353,8318913,13666666,286197600826030,286197600865665,286197600951915,286197601970978,286197608945197,7708,155000,286197608945197,286197602179519,0,286197601970978,
32,153141030,286197608442819,286197608442819,0,286197608930717,286197608932384,286197609479363,286197609510144,286199585372443,286197608912072,8318912,13666666,286197610178165,286197610243322,286197610321499,286197611192749,286197617909572,8282,155782,286197617909572,286197611405717,0,286197611192749,
32,153141038,286197616761714,286197616761714,0,286197617098217,286197617098790,286197617280613,286197617310405,286199602010266,286197617080874,8318911,13666666,286197617517124,286197617558582,286197617634363,286197618790457,286197625981499,5885,228542,286197625981499,286197619080249,0,286197618790457,
32,153141046,286197625080626,286197625080626,0,286197625510353,286197625510874,286197626105457,286197626138686,286199618648088,286197625489259,8318911,13666666,286197626223738,286197626270092,286197626341811,286197627147488,286197634538426,7552,148386,286197634538426,286197627367124,0,286197627147488,
32,153141054,286197633399553,286197633399553,0,286197633732071,286197633732644,286197634151238,286197634177228,286199635285911,286197633712488,8318912,13666666,286197634191394,286197634231811,286197634292280,286197635311082,286197642107957,9740,198177,286197642107957,286197635575561,0,286197635311082,
32,153141062,286197641718454,286197641718454,0,286197642082488,286197642083113,286197642347071,286197642376499,286199651923734,286197642063686,8318911,13666666,286197642546603,286197642571186,286197642631915,286197643540821,286197651125561,7292,160365,286197651125561,286197643776915,0,286197643540821,
32,153141070,286197650037363,286197650037363,0,286197650531551,286197650532071,286197650817436,286197650860457,286199668561556,286197650513374,8318911,13666666,286197651200405,286197651224988,286197651320196,286197652410196,286197659330978,15937,231980,286197659330978,286197652729676,0,286197652410196,
32,153141078,286197658356260,286197658356260,0,286197658939259,286197658940457,286197659489780,286197659556186,286199685199377,286197658892592,8318910,13666666,286197659905821,286197659948738,286197659996551,286197660609988,286197667620301,23177,87865,286197667620301,286197660732644,0,286197660609988,
32,153141086,286197666675172,286197666675172,0,286197667064519,286197667065249,286197667352592,286197667397280,286199701837197,286197667038946,8318910,13666666,286197667639728,286197667671915,286197667732019,286197668640926,286197675636134,11615,136198,286197675636134,286197668831863,0,286197668640926,
32,153141094,286197674994068,286197674994068,0,286197675235144,286197675235717,286197675443478,286197675480613,286199718475016,286197675215509,8318909,13666666,286197675625769,286197675700978,286197675738269,286197676125978,286197685747592,4479,88490,286197685747592,286197676242957,0,286197676125978,
32,153141102,286197683312965,286197683312965,0,286197683475821,286197683476134,286197683810405,286197683831082,286199735112833,286197683466342,8318908,13666666,286197684261915,286197684299051,286197684341915,286197684949363,286197692195405,4896,890573,286197692195405,286197685904676,0,286197684949363,
32,153141110,286197691631874,286197691631874,0,286197691872749,286197691873269,286197692231707,286197692270405,286199751750649,286197691854363,8318908,13666666,286197692453738,286197692481134,286197692539571,286197693708217,286197701034832,4948,202708,286197701034832,286197693987696,0,286197693708217,
32,153141118,286197699950790,286197699950790,0,286197700452384,286197700453165,286197700891811,286197700935405,286199768388465,286197700432853,8318908,13666666,286197701031811,286197701108217,286197701246394,286197702740040,286197708919415,8073,203489,286197708919415,286197703016551,0,286197702740040,
32,153141126,286197708269729,286197708269729,0,286197708923790,286197708924519,286197709429051,286197709465665,286199785026283,286197708903217,8318910,13666666,286197709493582,286197709529259,286197709610509,286197710602124,286197717691342,11093,159219,286197717691342,286197710810978,0,286197710602124,
32,153141134,286197716588654,286197716588654,0,286197716963946,286197716964415,286197717173009,286197717196863,286199801664104,286197716949259,8318911,13666666,286197717353686,286197717389519,286197717444624,286197718310769,286197725649728,6511,137865,286197725649728,286197718498842,0,286197718310769,
32,153141142,286197724907593,286197724907593,0,286197725270196,286197725270769,286197725490196,286197725520978,286199818301928,286197725253894,8318913,13666666,286197725682905,286197725712905,286197725771446,286197726593738,286197734266551,7083,146979,286197734266551,286197726792644,0,286197726593738,
32,153141150,286197733226502,286197733226502,0,286197733537280,286197733537749,286197733818269,286197733844728,286199834939754,286197733523009,8318913,13666666,286197733994884,286197734030665,286197734080769,286197734940821,286197742006967,6979,146770,286197742006967,286197735138634,0,286197734940821,
32,153141158,286197741545416,286197741545416,0,286197742193530,286197742193999,286197742451499,286197742477071,286199851577580,286197742179207,8318913,13666666,286197742620561,286197742659571,286197742717801,286197743809571,286197750911446,7135,153750,286197750911446,286197744040457,0,286197743809571,
32,153141166,286197749864313,286197749864313,0,286197750137124,286197750137801,286197750310509,286197750335249,286199868215405,286197750123582,8318912,13666666,286197750475665,286197750512644,286197750570249,286197751414363,286197758719884,5834,146614,286197758719884,286197751616707,0,286197751414363,
32,153141174,286197758183222,286197758183222,0,286197758529728,286197758530405,286197758995926,286197759032071,286199884853229,286197758508269,8318912,13666666,286197759221759,286197759263269,286197759328894,286197760150353,286197767648165,8229,156562,286197767648165,286197760363634,125780153691231,286197760150353,
32,153141182,286197766502148,286197766502148,0,286197767282228,286197767283582,286197768100978,286197768154624,286199901491054,286197767245561,8318913,13666666,286197768520665,286197768573009,286197768673321,286197769533946,286197775502644,7708,147031,286197775502644,286197769736446,7309464732524569964,286197769533946,
32,153141190,286197774821048,286197774821048,0,286197775229311,286197775230196,286197775475769,286197775511707,286199918128879,286197775207436,8318912,13666666,286197775742019,286197775780144,286197775840457,286197776619728,286197784286915,6614,158697,286197784286915,286197776854519,8100961328684823647,286197776619728,
32,153141198,286197783139981,286197783139981,0,286197783593790,286197783594311,286197783812280,286197783846499,286199934766704,286197783574624,8318913,13666666,286197784033842,286197784057280,286197784115613,286197784892749,286197792631342,7605,142709,286197792631342,286197785083269,7809911830588908916,286197784892749,
32,153141206,286197791458908,286197791458908,0,286197791983165,286197791983686,286197792648217,286197792675092,286199951404531,286197791965821,8318914,13666666,286197792748582,286197792788946,286197792847853,286197793785717,286197800684571,7135,118959,286197800684571,286197793965561,7306085877491393385,286197793785717,
32,153141214,286197799777817,286197799777817,0,286197800339155,286197800340144,286197800821186,286197800848478,286199968042359,286197800320665,8318914,13666666,286197800863999,286197800898009,286197801074415,286197801885196,286197809004728,4896,132136,286197809004728,286197802068061,8097316434837661042,286197801885196,
32,153141222,286197808096715,286197808096715,0,286197808639155,286197808639780,286197808988842,286197809022801,286199984680186,286197808610405,8318913,13666666,286197809222644,286197809272228,286197809339155,286197810231134,286197817729676,6980,159687,286197817729676,286197810444155,0,286197810231134,
32,153141230,286197816415629,286197816415629,0,286197816765926,286197816766446,286197816987436,286197817020353,286200001318012,286197816748999,8318913,13666666,286197817242124,286197817297228,286197817409051,286197818356863,286197825590144,21250,171302,286197825590144,286197818593634,0,286197818356863,
32,153141238,286197824734541,286197824734541,0,286197825265561,286197825266967,286197825541030,286197825578686,286200017955838,286197825240249,8318913,13666666,286197825835509,286197825901499,286197825981655,286197827660040,286197834454780,8542,164114,286197834454780,286197827884103,0,286197827660040,
32,153141246,286197833053425,286197833053425,0,286197833501134,286197833501811,286197833683217,286197833706655,286200034593662,286197833487228,8318911,13666666,286197833909676,286197833948374,286197834045040,286197834875874,286197842022019,5989,162344,286197842022019,286197835091446,0,286197834875874,
32,153141254,286197841372339,286197841372339,0,286197842081134,286197842081863,286197842334415,286197842374519,286200051231484,286197842060665,8318911,13666666,286197842580613,286197842610248,286197842665457,286197843630196,286197850951446,7760,151771,286197850951446,286197843862176,0,286197843630196,
32,153141262,286197849691239,286197849691239,0,286197850060457,286197850061238,286197850292592,286197850326863,286200067869305,286197850042696,8318910,13666666,286197850509155,286197850581655,286197850646707,286197851744467,286197858577384,5521,139323,286197858577384,286197851936759,0,286197851744467,
32,153141270,286197858010156,286197858010156,0,286197858368478,286197858369103,286197858608426,286197858659884,286200084507125,286197858344051,8318910,13666666,286197858919728,286197858972436,286197859036551,286197859902488,286197867818998,5469,277552,286197867818998,286197860286811,0,286197859902488,
32,153141278,286197866329065,286197866329065,0,286197866795769,286197866796446,286197867049780,286197867083686,286200101144945,286197866777801,8318910,13666666,286197867285301,286197867320301,286197867395301,286197868347748,286197875264623,8958,228490,286197875264623,286197868634988,0,286197868347748,
32,153141286,286197874647988,286197874647988,0,286197875026342,286197875027019,286197875695509,286197875725457,286200117782766,286197875008269,8318911,13666666,286197876416551,286197876465509,286197876528009,286197877777123,286197884317905,8281,179896,286197884317905,286197878075613,0,286197877777123,
32,153141294,286197882966897,286197882966897,0,286197883282905,286197883283634,286197883504832,286197883535613,286200134420588,286197883265353,8318911,13666666,286197883750926,286197883796030,286197883860613,286197884819103,286197892142592,5313,140729,286197892142592,286197885109103,0,286197884819103,
32,153141302,286197891285806,286197891285806,0,286197891665040,286197891665613,286197892100405,286197892132019,286200151058410,286197891646446,8318911,13666666,286197892355926,286197892444832,286197892512801,286197893469623,286197901000196,7813,157083,286197901000196,286197893687123,0,286197893469623,
32,153141310,286197899604720,286197899604720,0,286197900111342,286197900112019,286197900320873,286197900352332,286200167696232,286197900094780,8318911,13666666,286197900523217,286197900566915,286197900628009,286197901482176,286197908619676,6146,195782,286197908619676,286197901728426,0,286197901482176,
32,153141318,286197907923628,286197907923628,0,286197908334051,286197908334676,286197909276551,286197909312696,286200184334054,286197908317592,8318911,13666666,286197909527592,286197909589311,286197909660978,286197910565717,286197917587332,7605,160365,286197917587332,286197910782176,0,286197910565717,
32,153141326,286197916242528,286197916242528,0,286197916616238,286197916616915,286197916937176,286197916964103,286200200971875,286197916596394,8318910,13666666,286197917132436,286197917173478,286197917241863,286197918075040,286197925179676,6667,279843,286197925179676,286197918410769,0,286197918075040,
32,153141334,286197924561427,286197924561427,0,286197924963321,286197924963894,286197925273530,286197925302905,286200217609694,286197924947176,8318909,13666666,286197925465040,286197925580821,286197925653582,286197926438426,286197934187176,7604,180052,286197934187176,286197926673530,0,286197926438426,
32,153141342,286197932880338,286197932880338,0,286197933330092,286197933330665,286197933524780,286197933551603,286200234247512,286197933314623,8318909,13666666,286197933713582,286197933773530,286197933837280,286197934694155,286197941997436,7344,148333,286197941997436,286197934892853,0,286197934694155,
32,153141350,286197941199265,286197941199265,0,286197941645665,286197941646811,286197941896342,286197942007071,286200250885331,286197941624780,8318910,13666666,286197942200040,286197942243321,286197942313321,286197943384415,286197950915561,12136,173177,286197950915561,286197943610509,0,286197943384415,
32,153141358,286197949518201,286197949518201,0,286197950024780,286197950025561,286197950236863,286197950266967,286200267523153,286197950009676,8318912,13666666,286197950443894,286197950478165,286197950546446,286197951383426,286197958560405,8229,166407,286197958560405,286197951601446,0,286197951383426,
32,153141366,286197957837127,286197957837127,0,286197958856655,286197958857280,286197959062019,286197959093217,286200284160978,286197958838530,8318913,13666666,286197959259936,286197959303530,286197959360144,286197960153530,286197967791655,5677,137188,286197967791655,286197960337384,0,286197960153530,
32,153141374,286197966156024,286197966156024,0,286197966711655,286197966712228,286197966911863,286197966940509,286200300798803,286197966695144,8318912,13666666,286197967147957,286197967339103,286197967397436,286197968252228,286197975601759,7396,147239,286197975601759,286197968453738,0,286197968252228,
32,153141382,286197974474936,286197974474936,0,286197975510353,286197975511707,286197976213373,286197976274936,286200317436627,286197975467019,8318912,13666666,286197976559259,286197976594155,286197976698321,286197977469311,286197984426811,7031,141875,286197984426811,286197977660405,0,286197977469311,
32,153141390,286197982793844,286197982793844,0,286197983326030,286197983326655,286197983856082,286197983879259,286200334074451,286197983312853,8318912,13666666,286197984459051,286197984523842,286197984628530,286197985468009,286197991875717,6980,186407,286197991875717,286197985707905,0,286197985468009,
32,153141398,286197991112746,286197991112746,0,286197991472696,286197991473165,286197991754363,286197991827123,286200350712274,286197991446030,8318911,13666666,286197992132801,286197992175561,286197992247228,286197992985457,286198000325144,8490,98802,286198000325144,286197993120196,0,286197992985457,
32,153141406,286197999431660,286197999431660,0,286197999834884,286197999835405,286198000102123,286198000139311,286200367350096,286197999815405,8318911,13666666,286198000315248,286198000377332,286198000442853,286198001258894,286198008474988,6198,152187,286198008474988,286198001464728,0,286198001258894,
32,153141414,286198007750587,286198007750587,0,286198008519259,286198008520144,286198008730926,286198008762957,286200383987919,286198008499988,8318912,13666666,286198008930613,286198008972696,286198009031811,286198010120040,286198017485040,7604,148385,286198017485040,286198010320509,0,286198010120040,
32,153141422,286198016069498,286198016069498,0,286198016536082,286198016536655,286198016722280,286198016752228,286200400625743,286198016517801,8318912,13666666,286198016984155,286198017044936,286198017105092,286198017926186,286198025019676,6250,160313,286198025019676,286198018139103,0,286198017926186,
32,153141430,286198024388407,286198024388407,0,286198025115613,286198025116186,286198025339728,286198025371030,286200417263567,286198025099103,8318912,13666666,286198025530405,286198025576030,286198025635092,286198026432957,286198034055561,6719,162187,286198034055561,286198026646082,0,286198026432957,
32,153141438,286198032707318,286198032707318,0,286198033303946,286198033304728,286198033591551,286198033629363,286200433901391,286198033281915,8318912,13666666,286198033855926,286198033937748,286198034025926,286198035093009,286198041818790,9740,194062,286198041818790,286198035355665,0,286198035093009,
32,153141446,286198041026232,286198041026232,0,286198041283530,286198041284155,286198041513373,286198041546498,286200450539215,286198041265040,8318912,13666666,286198041729988,286198041776290,286198041858269,286198042801915,286198051332332,7760,218750,286198051332332,286198043098217,0,286198042801915,
32,153141454,286198049345163,286198049345163,0,286198049781498,286198049782384,286198050081655,286198050125144,286200467177040,286198049759103,8318913,13666666,286198050461759,286198050510509,286198050658061,286198052051707,286198058496134,18386,196979,286198058496134,286198052320873,0,286198052051707,
32,153141462,286198057664077,286198057664077,0,286198058138946,286198058140561,286198058386186,286198058416915,286200483814866,286198058016811,8318913,13666666,286198058591446,286198058635821,286198058706030,286198059754207,286198068036811,8646,190729,286198068036811,286198060022071,0,286198059754207,
32,153141470,286198065982989,286198065982989,0,286198066498009,286198066499050,286198067735509,286198067793321,286200500452692,286198066473582,8318913,13666666,286198067924311,286198068065717,286198068151342,286198069773634,286198074976030,9791,212239,286198074976030,286198070125196,0,286198069773634,
32,153141485,286198074301903,286198074301903,0,286198074667123,286198074667748,286198075243113,286198075275717,286200517090518,286198074649311,8318913,13666666,286198075293790,286198075333790,286198075397592,286198076208530,286198083750457,7031,142135,286198083750457,286198076393894,0,286198076208530,
32,153141500,286198082620800,286198082620800,0,286198083129728,286198083130300,286198083416603,286198083447748,286200533728343,286198083108686,8318912,13666666,286198083645561,286198083732696,286198083801030,286198084732384,286198091681446,8438,173750,286198091681446,286198084990144,0,286198084732384,
32,153141515,286198090939701,286198090939701,0,286198091292748,286198091293530,286198091486603,286198091515092,286200550366166,286198091276134,8318911,13666666,286198091683217,286198091720300,286198091779884,286198092652540,286198100946915,5782,180313,286198100946915,286198092944936,0,286198092652540,
32,153141530,286198099258631,286198099258631,0,286198099589363,286198099589884,286198099844832,286198099876498,286200567003989,286198099571238,8318912,13666666,286198100079259,286198100127800,286198100191394,286198101093478,286198108481603,6979,181979,286198108481603,286198101339884,0,286198101093478,
32,153141538,286198107577540,286198107577540,0,286198107821446,286198107822019,286198108045248,286198108074415,286200583641813,286198107803894,8318912,13666666,286198108270613,286198108311030,286198108374207,286198109212488,286198116847436,7240,159271,286198116847436,286198109425769,0,286198109212488,
32,153141546,286198115896449,286198115896449,0,286198116252957,286198116253478,286198117031186,286198117082228,286200600279637,286198116237384,8318912,13666666,286198117986290,286198118050613,286198118139050,286198119283634,286198125318738,10678,201667,286198125318738,286198119560300,0,286198119283634,
32,153141554,286198124215357,286198124215357,0,286198125175353,286198125176134,286198125451394,286198125492436,286200616917461,286198125151498,8318912,13666666,286198125788321,286198125842123,286198125929050,286198127098894,286198133855353,9011,212916,286198133855353,286198127389728,0,286198127098894,
32,153141562,286198132534271,286198132534271,0,286198133328373,286198133329155,286198133734207,286198133774311,286200633555285,286198133295665,8318912,13666666,286198133994415,286198134059363,286198134150561,286198135386759,286198141940561,10260,232187,286198141940561,286198135702696,0,286198135386759,
32,153141570,286198140853186,286198140853186,0,286198142220405,286198142222071,286198142689415,286198142752384,286200650193109,286198142177905,8318912,13666666,286198143043998,286198143157853,286198143273165,286198144227280,286198152213269,7552,158073,286198152213269,286198144444050,0,286198144227280,
32,153141578,286198149172087,286198149172087,0,286198150418738,286198150420040,286198151219519,286198151312436,286200666830932,286198150344363,8318911,13666666,286198151874988,286198151934623,286198152183686,286198154099832,286198160121030,17708,268646,286198160121030,286198154450873,0,286198154099832,
32,153141586,286198157490981,286198157490981,0,286198158550821,286198158551342,286198159509623,286198159541863,286200683468753,286198158459675,8318910,13666666,286198159801134,286198159865457,286198159953269,286198161108998,286198167015405,11510,256511,286198167015405,286198161413790,0,286198161108998,
32,153141594,286198165809893,286198165809893,0,286198166211394,286198166212123,286198166450769,286198166486238,286200700106573,286198166191655,8318910,13666666,286198166673373,286198166706446,286198166768738,286198167606811,286198174653738,8750,144062,286198174653738,286198167799259,0,286198167606811,
32,153141602,286198174128818,286198174128818,0,286198174571186,286198174571811,286198174834050,286198174868738,286200716744394,286198174551446,8318911,13666666,286198175047123,286198175088530,286198175149050,286198175938946,286198183761550,5990,145417,286198183761550,286198176133738,0,286198175938946,
32,153141610,286198182447716,286198182447716,0,286198182892488,286198182893478,286198183212384,286198183254571,286200733382215,286198182870405,8318910,13666666,286198183486655,286198183543790,286198183634936,286198184785613,286198193938530,10260,198385,286198193938530,286198185055092,0,286198184785613,
32,153141618,286198190766630,286198190766630,0,286198191733998,286198191735092,286198192595353,286198192734884,286200750020035,286198191681759,8318910,13666666,286198193277748,286198193361603,286198193615353,286198196765405,286198204984259,32448,368959,286198204984259,286198197276394,0,286198196765405,
32,153141626,286198199085544,286198199085544,0,286198199729884,286198199730457,286198199964571,286198200022540,286200766657855,286198199710300,8318910,13666666,286198200199675,286198200260613,286198200320353,286198201209936,286198208192488,7292,3901406,286198208192488,286198205196446,0,286198201209936,
32,153141634,286198207404469,286198207404469,0,286198207758217,286198207758894,286198208038165,286198208070717,286200783295676,286198207737957,8318911,13666666,286198208265821,286198208309207,286198208375978,286198209238269,286198216580040,7344,145000,286198216580040,286198209433738,0,286198209238269,
32,153141642,286198215723391,286198215723391,0,286198216158842,286198216159467,286198216489675,286198216519728,286200799933499,286198216139780,8318912,13666666,286198216698165,286198216750353,286198216812696,286198217668686,286198225089832,7969,149166,286198225089832,286198217872748,0,286198217668686,
32,153141650,286198224042287,286198224042287,0,286198224429988,286198224430769,286198224633790,286198224663321,286200816571322,286198224413738,8318911,13666666,286198224828686,286198224873373,286198224947175,286198225746446,286198233250769,6979,147761,286198233250769,286198225947228,7306934700536131427,286198225746446,
32,153141658,286198232361199,286198232361199,0,286198232821915,286198232822488,286198233063478,286198233093321,286200833209144,286198232803842,8318911,13666666,286198233262800,286198233320925,286198233380561,286198234184311,286198241767905,6823,140104,286198241767905,286198234375092,8318823021040067423,286198234184311,
32,153141666,286198240680110,286198240680110,0,286198241193217,286198241193842,286198241409050,286198241440196,286200849846966,286198241176082,8318911,13666666,286198241619155,286198241666446,286198241728998,286198242926603,286198249996967,8281,208750,286198249996967,286198243194936,6874028453762003572,286198242926603,
32,153141674,286198248999024,286198248999024,0,286198249449675,286198249450300,286198249726550,286198249757800,286200866484788,286198249431967,8318911,13666666,286198249949519,286198250019207,286198250083009,286198250906186,286198258398582,7031,164948,286198258398582,286198251121655,7956012745154194530,286198250906186,
32,153141682,286198257317935,286198257317935,0,286198257822905,286198257823425,286198258032488,286198258058946,286200883122610,286198257805717,8318911,13666666,286198258355405,286198258402592,286198258461655,286198259272905,286198266796863,6667,139479,286198266796863,286198259462853,7307502065682249069,286198259272905,
32,153141690,286198265636855,286198265636855,0,286198266077957,286198266078478,286198266319728,286198266349050,286200899760433,286198266061915,8318912,13666666,286198266515509,286198266545873,286198266615144,286198267458634,286198275001238,8125,144583,286198275001238,286198267654363,8169381708511007304,286198267458634,
32,153141698,286198273955753,286198273955753,0,286198274280144,286198274280821,286198274564988,286198274591342,286200916398256,286198274265353,8318911,13666666,286198274748582,286198274814363,286198274895196,286198275730196,286198282983425,7552,142656,286198282983425,286198275923686,8097283393133169494,286198275730196,
32,153141706,286198282274665,286198282274665,0,286198282636811,286198282637332,286198283042071,286198283079467,286200933036078,286198282622332,8318911,13666666,286198283262957,286198283325300,286198283390873,286198284273425,286198291748373,8021,178229,286198291748373,286198284506602,5431142508371378177,286198284273425,
32,153141714,286198290593562,286198290593562,0,286198290955561,286198290956030,286198291142384,286198291168894,286200949673899,286198290942123,8318910,13666666,286198291338582,286198291380561,286198291443946,286198292404988,286198300421030,7552,155937,286198300421030,286198292612384,8589934592,286198292404988,
32,153141722,286198298912490,286198298912490,0,286198299276134,286198299276707,286198299587852,286198299626759,286200966311720,286198299259884,8318911,13666666,286198299906134,286198299985665,286198300096446,286198301180509,286198308934259,8750,178125,286198308934259,286198301409623,0,286198301180509,
32,153141730,286198307231402,286198307231402,0,286198308915405,286198308918113,286198309525300,286198309603321,286200982949542,286198308857800,8318911,13666666,286198309969988,286198310074155,286198310195457,286198311409780,286198317175352,6823,154010,286198317175352,286198311619780,0,286198311409780,
32,153141738,286198315550329,286198315550329,0,286198316180665,286198316183061,286198316811967,286198316884363,286200999587365,286198316123686,8318912,13666666,286198317366550,286198317476446,286198317596915,286198318892175,286198325019415,15208,308490,286198325019415,286198319294571,0,286198318892175,
32,153141746,286198323869262,286198323869262,0,286198324460717,286198324461446,286198324658582,286198324682592,286201016225190,286198324446186,8318913,13666666,286198324829884,286198324859155,286198324996550,286198325896342,286198333655040,4739,232188,286198333655040,286198326178321,0,286198325896342,
32,153141754,286198332188176,286198332188176,0,286198332781186,286198332782592,286198333499884,286198333571394,286201032863016,286198332744207,8318913,13666666,286198333980248,286198334017696,286198334147019,286198336261446,286198342106811,18281,219895,286198342106811,286198336559207,0,286198336261446,
32,153141762,286198340507088,286198340507088,0,286198341087071,286198341087644,286198342281134,286198342314363,286201049500842,286198341062123,8318913,13666666,286198342956655,286198343010821,286198343129988,286198344175405,286198349866863,8385,139010,286198349866863,286198344360092,0,286198344175405,
32,153141770,286198348826002,286198348826002,0,286198349459311,286198349460613,286198349738113,286198349830613,286201066138668,286198349431655,8318913,13666666,286198349997019,286198350017071,286198350069519,286198350660665,286198358488269,5208,110730,286198358488269,286198350808790,0,286198350660665,
32,153141778,286198357144910,286198357144910,0,286198357498530,286198357499155,286198357690405,286198357720977,286201082776494,286198357483269,8318913,13666666,286198357876915,286198357917957,286198358005196,286198359404623,286198366513686,6250,265885,286198366513686,286198359779884,0,286198359404623,
32,153141786,286198365463805,286198365463805,0,286198366020457,286198366020925,286198366251342,286198366290300,286201099414319,286198366000144,8318912,13666666,286198366556134,286198366607540,286198366678165,286198367821394,286198374981863,8698,239115,286198374981863,286198368122696,0,286198367821394,
32,153141794,286198373782714,286198373782714,0,286198374150717,286198374151342,286198374394311,286198374429623,286201116052143,286198374133842,8318912,13666666,286198374623790,286198374714571,286198374781655,286198375749936,286198382979936,6667,150313,286198382979936,286198375953321,0,286198375749936,
32,153141802,286198382101626,286198382101626,0,286198382510248,286198382510769,286198382748582,286198382775561,286201132689967,286198382495509,8318912,13666666,286198382966811,286198383098790,286198383149311,286198383919780,286198391679415,7031,173750,286198391679415,286198384143113,0,286198383919780,
32,153141810,286198390420527,286198390420527,0,286198390742488,286198390743061,286198390958686,286198390988165,286201149327790,286198390724623,8318911,13666666,286198391165196,286198391203425,286198391266550,286198392198530,286198399624102,7656,159479,286198399624102,286198392415977,0,286198392198530,
32,153141818,286198398739438,286198398739438,0,286198399050248,286198399050769,286198399279623,286198399314988,286201165965612,286198399030561,8318911,13666666,286198399498217,286198399526759,286198399582436,286198400314623,286198407656134,6145,131875,286198407656134,286198400491082,0,286198400314623,
32,153141826,286198407058350,286198407058350,0,286198407832696,286198407833373,286198408110717,286198408142696,286201182603434,286198407814727,8318911,13666666,286198408323425,286198408365925,286198408426186,286198409260873,286198416608217,7760,262604,286198416608217,286198409582696,0,286198409260873,
32,153141834,286198415377258,286198415377258,0,286198415707540,286198415708269,286198415928530,286198415958998,286201199241256,286198415691498,8318911,13666666,286198416159623,286198416206290,286198416313634,286198417203946,286198424284102,7708,170938,286198424284102,286198417427384,0,286198417203946,
32,153141842,286198423696172,286198423696172,0,286198424217071,286198424217644,286198424476655,286198424508113,286201215879078,286198424201082,8318911,13666666,286198424681759,286198424753738,286198424820821,286198425673842,286198433340352,8021,189792,286198433340352,286198425946238,0,286198425673842,
32,153141850,286198432015087,286198432015087,0,286198432349675,286198432350248,286198432619102,286198432646602,286201232516900,286198432335196,8318911,13666666,286198432808373,286198432824155,286198432893009,286198433747071,286198441328582,7291,143750,286198441328582,286198433941863,0,286198433747071,
32,153141858,286198440334001,286198440334001,0,286198440780196,286198440780821,286198441034988,286198441064519,286201249154722,286198440763113,8318911,13666666,286198441271811,286198441328217,286198441414311,286198442346186,286198450085613,10000,156667,286198450085613,286198442556550,0,286198442346186,
32,153141866,286198448652885,286198448652885,0,286198448882175,286198448882696,286198449265300,286198449301550,286201265792542,286198448868165,8318909,13666666,286198449488269,286198449543738,286198449606082,286198450477280,286198457805144,7604,162083,286198457805144,286198450689415,0,286198450477280,
32,153141874,286198456971799,286198456971799,0,286198457376498,286198457377175,286198457637227,286198457667488,286201282430360,286198457358269,8318909,13666666,286198457859571,286198457921290,286198457998998,286198459423998,286198466611394,8229,199843,286198466611394,286198459695300,0,286198459423998,
32,153141882,286198465290691,286198465290691,0,286198465668269,286198465668946,286198465873113,286198465901707,286201299068177,286198465652957,8318908,13666666,286198466065509,286198466098790,286198466163530,286198467006134,286198474164259,6770,150729,286198474164259,286198467207644,0,286198467006134,
32,153141890,286198473609619,286198473609619,0,286198474229884,286198474230821,286198474451134,286198474483113,286201315705994,286198474207905,8318909,13666666,286198474645977,286198474706602,286198474767644,286198475593998,286198483300561,6979,146303,286198483300561,286198475792123,0,286198475593998,
32,153141898,286198481928544,286198481928544,0,286198482538165,286198482539050,286198482801655,286198482839519,286201332343813,286198482517175,8318910,13666666,286198483061082,286198483080040,286198483185040,286198484309311,286198491062227,8906,214428,286198491062227,286198484597332,0,286198484309311,
32,153141906,286198490247480,286198490247480,0,286198490628009,286198490628842,286198490898998,286198490936186,286201348981635,286198490606030,8318912,13666666,286198491151238,286198491193686,286198491281915,286198492676759,286198500024884,10520,240834,286198500024884,286198492990873,0,286198492676759,
32,153141914,286198498566405,286198498566405,0,286198498936290,286198498937123,286198499200248,286198499236290,286201365619460,286198498916290,8318913,13666666,286198499466029,286198499521446,286198499620509,286198500737696,286198508235248,9063,349167,286198508235248,286198501150196,0,286198500737696,
32,153141922,286198506885346,286198506885346,0,286198507254675,286198507255561,286198507563946,286198507606342,286201382257288,286198507230769,8318915,13666666,286198508068894,286198508181654,286198508319936,286198509368529,286198516726082,12396,176822,286198516726082,286198509596602,0,286198509368529,
32,153141930,286198515204241,286198515204241,0,286198515466186,286198515466811,286198515752227,286198515785144,286201398895117,286198515449519,8318914,13666666,286198515951134,286198515995457,286198516081498,286198516907592,286198524596134,7760,150365,286198524596134,286198517106811,0,286198516907592,
32,153141938,286198523523139,286198523523139,0,286198524133321,286198524134415,286198524545457,286198524581498,286201415532944,286198524084779,8318913,13666666,286198524801082,286198524847279,286198524939988,286198526074050,286198533658425,12448,197709,286198533658425,286198526331394,0,286198526074050,
32,153141946,286198531842056,286198531842056,0,286198532236082,286198532236602,286198532463529,286198532508946,286201432170770,286198532220925,8318913,13666666,286198532774102,286198532883477,286198533005040,286198534217071,286198541536238,11302,232084,286198541536238,286198534565352,0,286198534217071,
32,153141954,286198540160954,286198540160954,0,286198540638998,286198540639519,286198541249154,286198541291863,286201448808595,286198540602175,8318912,13666666,286198541622019,286198541695717,286198541850457,286198543129623,286198549820665,15105,311770,286198549820665,286198543525248,0,286198543129623,
32,153141962,286198548479868,286198548479868,0,286198548946186,286198548946707,286198549127957,286198549153165,286201465446419,286198548930457,8318912,13666666,286198549316498,286198549343686,286198549401863,286198550196863,286198557360196,7343,135208,286198557360196,286198550379415,0,286198550196863,
32,153141978,286198565117693,286198565117693,0,286198565408061,286198565408686,286198565994415,286198566016394,286201482084243,286198565391446,8318912,13666666,286198566119102,286198566165300,286198566246134,286198567090561,286198569272227,7761,221355,286198569272227,286198567412019,0,286198567090561,
---PROFILEDATA---


View hierarchy:

  com.chasel.ng2.n/com.chasel.ng2n.MainActivity/android.view.ViewRootImpl@f99ef86
  12 views, 22.77 kB of render nodes


  Dynamic VRI BBQ Log.  render_draw: false  hdr_dimmer: false  blur_blend: false  hwui_window_decor: false  sync_barrier: false

Total ViewRootImpl   : 1
Total attached Views : 12
Total RenderNode     : 22.77 kB (used) / 46.77 kB (capacity)

