Applications Graphics Acceleration Info:
Uptime: 400389393 Realtime: 1032793426

** Graphics info for pid 17906 [com.chasel.ng2.n] **

Stats since: 400380432516587ns
Total frames rendered: 1558
Janky frames: 0 (0.00%)
Janky frames (legacy): 0 (0.00%)
50th percentile: 5ms
90th percentile: 5ms
95th percentile: 9ms
99th percentile: 10ms
Number Missed Vsync: 0
Number High input latency: 1557
Number Slow UI thread: 0
Number Slow bitmap uploads: 0
Number Slow issue draw commands: 0
Number Frame deadline missed: 0
Number Frame deadline missed (legacy): 0
HISTOGRAM: 5ms=1416 6ms=24 7ms=4 8ms=32 9ms=64 10ms=14 11ms=4 12ms=0 13ms=0 14ms=0 15ms=0 16ms=0 17ms=0 18ms=0 19ms=0 20ms=0 21ms=0 22ms=0 23ms=0 24ms=0 25ms=0 26ms=0 27ms=0 28ms=0 29ms=0 30ms=0 31ms=0 32ms=0 34ms=0 36ms=0 38ms=0 40ms=0 42ms=0 44ms=0 46ms=0 48ms=0 53ms=0 57ms=0 61ms=0 65ms=0 69ms=0 73ms=0 77ms=0 81ms=0 85ms=0 89ms=0 93ms=0 97ms=0 101ms=0 105ms=0 109ms=0 113ms=0 117ms=0 121ms=0 125ms=0 129ms=0 133ms=0 150ms=0 200ms=0 250ms=0 300ms=0 350ms=0 400ms=0 450ms=0 500ms=0 550ms=0 600ms=0 650ms=0 700ms=0 750ms=0 800ms=0 850ms=0 900ms=0 950ms=0 1000ms=0 1050ms=0 1100ms=0 1150ms=0 1200ms=0 1250ms=0 1300ms=0 1350ms=0 1400ms=0 1450ms=0 1500ms=0 1550ms=0 1600ms=0 1650ms=0 1700ms=0 1750ms=0 1800ms=0 1850ms=0 1900ms=0 1950ms=0 2000ms=0 2050ms=0 2100ms=0 2150ms=0 2200ms=0 2250ms=0 2300ms=0 2350ms=0 2400ms=0 2450ms=0 2500ms=0 2550ms=0 2600ms=0 2650ms=0 2700ms=0 2750ms=0 2800ms=0 2850ms=0 2900ms=0 2950ms=0 3000ms=0 3050ms=0 3100ms=0 3150ms=0 3200ms=0 3250ms=0 3300ms=0 3350ms=0 3400ms=0 3450ms=0 3500ms=0 3550ms=0 3600ms=0 3650ms=0 3700ms=0 3750ms=0 3800ms=0 3850ms=0 3900ms=0 3950ms=0 4000ms=0 4050ms=0 4100ms=0 4150ms=0 4200ms=0 4250ms=0 4300ms=0 4350ms=0 4400ms=0 4450ms=0 4500ms=0 4550ms=0 4600ms=0 4650ms=0 4700ms=0 4750ms=0 4800ms=0 4850ms=0 4900ms=0 4950ms=0
50th gpu percentile: 2ms
90th gpu percentile: 3ms
95th gpu percentile: 7ms
99th gpu percentile: 8ms
GPU HISTOGRAM: 1ms=0 2ms=1236 3ms=192 4ms=10 5ms=10 6ms=22 7ms=48 8ms=32 9ms=6 10ms=2 11ms=0 12ms=0 13ms=0 14ms=0 15ms=0 16ms=0 17ms=0 18ms=0 19ms=0 20ms=0 21ms=0 22ms=0 23ms=0 24ms=0 25ms=0 4950ms=0

Pipeline=Skia (Vulkan)
Memory policy:
  Max surface area: 3240320
  Max resource usage: 466.61MB (x48)
  Background retention: 50% (altUiHidden = true)
  GPU Context timeout: 10
Contexts: 1 (stopped = 0)
CPU Caches:
  Glyph Cache: 4.29 MB (1 entry)
  Glyph Count: 33
Total CPU memory usage:
  4499646 bytes, 4.29 MB (0.00 bytes is purgeable)
GPU Caches:
  Other:
    Other: 27.19 KB (1 entry)
    Buffer Object: 2.50 KB (4 entries)
    GrVkImage: 320.00 KB (2 entries)
  Image:
    Surface: 84.50 KB (2 entries)
  Scratch:
    GrVkTextureRenderTarget: 49.51 MB (5 entries)
    Surface: 6.00 MB (4 entries)
    GrVkImage: 256.00 KB (12 entries)
    Buffer Object: 622.00 KB (12 entries)
Total GPU memory usage:
  59545924 bytes, 56.79 MB (2.66 MB is purgeable)
Detail dimensions:
Buffer Object:				30720		{0x0}	1
GrVkImage:				0		{104x104}	2
Surface:				43264		{104x104}	2
Buffer Object:				49152		{0x0}	1
Surface:				2097152		{2048x1024}	3
GrVkImage:				0		{2048x1024}	3
Surface:				128		{128x1}	1
GrVkImage:				0		{128x1}	1
GrVkImage:				0		{1220x2656}	4
GrVkTextureRenderTarget:				12961280		{1220x2656}	4
GrVkImage:				0		{512x128}	1
GrVkImage:				262144		{512x128}	2
GrVkImage:				65536		{256x64}	1
Buffer Object:				131072		{0x0}	1
Buffer Object:				65536		{0x0}	2
Buffer Object:				98304		{0x0}	1
Buffer Object:				32768		{0x0}	6
Buffer Object:				272		{0x0}	1
Buffer Object:				192		{0x0}	1
Buffer Object:				1920		{0x0}	1
Buffer Object:				180		{0x0}	1
GrVkTextureRenderTarget:				65536		{512x128}	1

GraphicBufferAllocator buffers:
            Handle |         Size |     W (Stride) x H | Layers |   Format |      Usage | Requestor
0xb400007badc45e80 | 13280.00 KiB | 1220 (1280) x 2656 |      1 |        1 | 0x10000b00 | VRI[MainActivity]#3(BLAST Consumer)3
0xb400007badc46090 | 13280.00 KiB | 1220 (1280) x 2656 |      1 |        1 | 0x10000b00 | VRI[MainActivity]#3(BLAST Consumer)3
0xb400007badc47320 | 13280.00 KiB | 1220 (1280) x 2656 |      1 |        1 | 0x10000b00 | VRI[MainActivity]#3(BLAST Consumer)3
0xb400007badc47cc0 | 13280.00 KiB | 1220 (1280) x 2656 |      1 |        1 | 0x10000b00 | VRI[MainActivity]#3(BLAST Consumer)3
0xb400007badc70040 |    52.00 KiB |  104 ( 128) x  104 |      1 |        1 | 0x     100 | AHardwareBuffer pid [17906]
0xb400007badc764a0 |    52.00 KiB |  104 ( 128) x  104 |      1 |        1 | 0x     100 | AHardwareBuffer pid [17906]
0xb400007badc7a070 |    52.00 KiB |  104 ( 128) x  104 |      1 |        1 | 0x     100 | AHardwareBuffer pid [17906]
0xb400007badc7a280 |    52.00 KiB |  104 ( 128) x  104 |      1 |        1 | 0x     100 | AHardwareBuffer pid [17906]
0xb400007badc7e530 |    52.00 KiB |  104 ( 128) x  104 |      1 |        1 | 0x     100 | AHardwareBuffer pid [17906]
0xb400007badc84a40 |    52.00 KiB |  104 ( 128) x  104 |      1 |        1 | 0x     100 | AHardwareBuffer pid [17906]
Total allocated by GraphicBufferAllocator (estimate): 53432.00 KB
Imported gralloc buffers:
+ name:VRI[MainActivity]#3(BLAST Consumer)3, id:398139, size:13364.00KiB, w/h:1220x2656, usage: 0x10000b00, req fmt:1, fourcc/mod:0/0, dataspace: 0x8810000, compressed: true
+ name:VRI[MainActivity]#3(BLAST Consumer)3, id:398140, size:13364.00KiB, w/h:1220x2656, usage: 0x10000b00, req fmt:1, fourcc/mod:0/0, dataspace: 0x8810000, compressed: true
+ name:VRI[MainActivity]#3(BLAST Consumer)3, id:398137, size:13364.00KiB, w/h:1220x2656, usage: 0x10000b00, req fmt:1, fourcc/mod:0/0, dataspace: 0x8810000, compressed: true
+ name:AHardwareBuffer pid [17906], id:398010, size:52.00KiB, w/h:104x104, usage: 0x100, req fmt:1, fourcc/mod:875708993/0, dataspace: 0x0, compressed: false
+ name:AHardwareBuffer pid [17906], id:398009, size:52.00KiB, w/h:104x104, usage: 0x100, req fmt:1, fourcc/mod:875708993/0, dataspace: 0x0, compressed: false
+ name:AHardwareBuffer pid [17906], id:398006, size:52.00KiB, w/h:104x104, usage: 0x100, req fmt:1, fourcc/mod:875708993/0, dataspace: 0x0, compressed: false
+ name:VRI[MainActivity]#3(BLAST Consumer)3, id:398138, size:13364.00KiB, w/h:1220x2656, usage: 0x10000b00, req fmt:1, fourcc/mod:0/0, dataspace: 0x8810000, compressed: true
+ name:AHardwareBuffer pid [17906], id:398005, size:52.00KiB, w/h:104x104, usage: 0x100, req fmt:1, fourcc/mod:875708993/0, dataspace: 0x0, compressed: false
+ name:AHardwareBuffer pid [17906], id:398008, size:52.00KiB, w/h:104x104, usage: 0x100, req fmt:1, fourcc/mod:875708993/0, dataspace: 0x0, compressed: false
+ name:AHardwareBuffer pid [17906], id:398007, size:52.00KiB, w/h:104x104, usage: 0x100, req fmt:1, fourcc/mod:875708993/0, dataspace: 0x0, compressed: false
Total imported by gralloc: 53768.00KiB

Profile data in ms:

	com.chasel.ng2.n/com.chasel.ng2n.MainActivity/android.view.ViewRootImpl@8679fe0 (visibility=0)
Window: com.chasel.ng2.n/com.chasel.ng2n.MainActivity
Stats since: 400380432516223ns
Total frames rendered: 1558
Janky frames: 0 (0.00%)
Janky frames (legacy): 0 (0.00%)
50th percentile: 5ms
90th percentile: 5ms
95th percentile: 9ms
99th percentile: 10ms
Number Missed Vsync: 0
Number High input latency: 1557
Number Slow UI thread: 0
Number Slow bitmap uploads: 0
Number Slow issue draw commands: 0
Number Frame deadline missed: 0
Number Frame deadline missed (legacy): 0
HISTOGRAM: 5ms=1416 6ms=24 7ms=4 8ms=32 9ms=64 10ms=14 11ms=4 12ms=0 13ms=0 14ms=0 15ms=0 16ms=0 17ms=0 18ms=0 19ms=0 20ms=0 21ms=0 22ms=0 23ms=0 24ms=0 25ms=0 26ms=0 27ms=0 28ms=0 29ms=0 30ms=0 31ms=0 32ms=0 34ms=0 36ms=0 38ms=0 40ms=0 42ms=0 44ms=0 46ms=0 48ms=0 53ms=0 57ms=0 61ms=0 65ms=0 69ms=0 73ms=0 77ms=0 81ms=0 85ms=0 89ms=0 93ms=0 97ms=0 101ms=0 105ms=0 109ms=0 113ms=0 117ms=0 121ms=0 125ms=0 129ms=0 133ms=0 150ms=0 200ms=0 250ms=0 300ms=0 350ms=0 400ms=0 450ms=0 500ms=0 550ms=0 600ms=0 650ms=0 700ms=0 750ms=0 800ms=0 850ms=0 900ms=0 950ms=0 1000ms=0 1050ms=0 1100ms=0 1150ms=0 1200ms=0 1250ms=0 1300ms=0 1350ms=0 1400ms=0 1450ms=0 1500ms=0 1550ms=0 1600ms=0 1650ms=0 1700ms=0 1750ms=0 1800ms=0 1850ms=0 1900ms=0 1950ms=0 2000ms=0 2050ms=0 2100ms=0 2150ms=0 2200ms=0 2250ms=0 2300ms=0 2350ms=0 2400ms=0 2450ms=0 2500ms=0 2550ms=0 2600ms=0 2650ms=0 2700ms=0 2750ms=0 2800ms=0 2850ms=0 2900ms=0 2950ms=0 3000ms=0 3050ms=0 3100ms=0 3150ms=0 3200ms=0 3250ms=0 3300ms=0 3350ms=0 3400ms=0 3450ms=0 3500ms=0 3550ms=0 3600ms=0 3650ms=0 3700ms=0 3750ms=0 3800ms=0 3850ms=0 3900ms=0 3950ms=0 4000ms=0 4050ms=0 4100ms=0 4150ms=0 4200ms=0 4250ms=0 4300ms=0 4350ms=0 4400ms=0 4450ms=0 4500ms=0 4550ms=0 4600ms=0 4650ms=0 4700ms=0 4750ms=0 4800ms=0 4850ms=0 4900ms=0 4950ms=0
50th gpu percentile: 2ms
90th gpu percentile: 3ms
95th gpu percentile: 7ms
99th gpu percentile: 8ms
GPU HISTOGRAM: 1ms=0 2ms=1236 3ms=192 4ms=10 5ms=10 6ms=22 7ms=48 8ms=32 9ms=6 10ms=2 11ms=0 12ms=0 13ms=0 14ms=0 15ms=0 16ms=0 17ms=0 18ms=0 19ms=0 20ms=0 21ms=0 22ms=0 23ms=0 24ms=0 25ms=0 4950ms=0


RenderLite trim renderNode error: 0

---PROFILEDATA---
Flags,FrameTimelineVsyncId,IntendedVsync,Vsync,InputEventId,HandleInputStart,AnimationStart,PerformTraversalsStart,DrawStart,FrameDeadline,FrameStartTime,FrameInterval,WorkloadTarget,SyncQueued,SyncStart,IssueDrawCommandsStart,SwapBuffers,FrameCompleted,DequeueBufferDuration,QueueBufferDuration,GpuCompleted,SwapBuffersCompleted,DisplayPresentTime,CommandSubmissionCompleted,
32,206898668,400387135619937,400387135619937,0,400387135857105,400387135857835,400387136285282,400387136316585,400387149286603,400387135843407,8318913,13666666,400387136393564,400387136447366,400387136514866,400387137228980,400387139033043,6979,143646,400387139033043,400387137422730,0,400387137228980,
32,206898676,400387143938861,400387143938861,0,400387144327887,400387144328564,400387144900230,400387144931689,400387157605527,400387144309814,8318914,13666666,400387144950439,400387145027418,400387145118251,400387146306532,400387148156168,8907,233021,400387148156168,400387146622157,0,400387146306532,
32,206898684,400387152257773,400387152257773,0,400387152698564,400387152699657,400387153152053,400387153219137,400387165924439,400387152674814,8318914,13666666,400387153688043,400387153762782,400387153842678,400387155079657,400387158050543,7292,259218,400387158050543,400387155423668,0,400387155079657,
32,206898692,400387160576687,400387160576687,0,400387160970960,400387160971793,400387161295803,400387161334657,400387174243353,400387160952626,8318914,13666666,400387161562522,400387161599814,400387161702730,400387162982053,400387164875855,8385,201719,400387164875855,400387163263824,0,400387162982053,
32,206898700,400387168895598,400387168895598,0,400387169446428,400387169447366,400387170134449,400387170190439,400387182562264,400387169418980,8318914,13666666,400387171461532,400387171520595,400387171591845,400387172335022,400387174530126,7395,142292,400387174530126,400387172529814,0,400387172335022,
32,206898708,400387177214472,400387177214472,0,400387177538720,400387177539137,400387177751689,400387177784241,400387190881138,400387177526480,8318911,13666666,400387177991376,400387178040543,400387178105803,400387178936845,400387180618043,5573,131928,400387180618043,400387179116532,0,400387178936845,
32,206898716,400387185533381,400387185533381,0,400387185779866,400387185780230,400387185952835,400387185981949,400387199200047,400387185768199,8318911,13666666,400387186133564,400387186165335,400387186217001,400387186807835,400387188374970,4062,109375,400387188374970,400387186957366,0,400387186807835,
32,206898724,400387193852292,400387193852292,0,400387194160022,400387194160751,400387194373980,400387194402939,400387207518958,400387194145230,8318911,13666666,400387194592678,400387194636168,400387194694657,400387195466845,400387197237001,6042,199583,400387197237001,400387195721324,0,400387195466845,
32,206898732,400387202171207,400387202171207,0,400387202579189,400387202580074,400387203092887,400387203126793,400387215837873,400387202564605,8318911,13666666,400387203212939,400387203262001,400387203336116,400387204428980,400387206169085,7656,152136,400387206169085,400387204634345,0,400387204428980,
32,206898740,400387210490104,400387210490104,0,400387211542730,400387211544762,400387212510074,400387212562991,400387224156770,400387211498564,8318910,13666666,400387212598251,400387212655387,400387212751324,400387213536532,400387215546480,6042,143697,400387215546480,400387213760335,0,400387213536532,
32,206898748,400387218809029,400387218809029,0,400387219136637,400387219137210,400387219396741,400387219422887,400387232475695,400387219120907,8318911,13666666,400387219608147,400387219646428,400387219697782,400387220424605,400387222253980,4636,140938,400387222253980,400387220614397,0,400387220424605,
32,206898756,400387227127929,400387227127929,0,400387227562210,400387227562939,400387227820439,400387227853147,400387240794595,400387227545230,8318910,13666666,400387228074241,400387228107835,400387228274918,400387228977939,400387230661376,8906,150105,400387230661376,400387229181272,0,400387228977939,
32,206898764,400387235446838,400387235446838,0,400387235811897,400387235812626,400387236053147,400387236084241,400387249113504,400387235796532,8318910,13666666,400387236272105,400387236315074,400387236373251,400387237045439,400387238875178,6823,142813,400387238875178,400387237236532,0,400387237045439,
32,206898772,400387243765750,400387243765750,0,400387244193616,400387244194449,400387244412470,400387244449189,400387257432416,400387244178303,8318910,13666666,400387244634397,400387244676324,400387244736116,400387245653772,400387247367210,6771,138229,400387247367210,400387245842887,0,400387245653772,
32,206898780,400387252084634,400387252084634,0,400387252505960,400387252506741,400387252778095,400387252827574,400387265751300,400387252490439,8318909,13666666,400387253030491,400387253085907,400387253137418,400387253950491,400387257840230,7083,155625,400387257840230,400387254160803,0,400387253950491,
32,206898788,400387260403557,400387260403557,0,400387260844762,400387260845907,400387261632157,400387261671064,400387274070223,400387260823043,8318909,13666666,400387262555439,400387262616637,400387262689501,400387263722939,400387265575387,9010,209115,400387265575387,400387264069085,0,400387263722939,
32,206898796,400387268722471,400387268722471,0,400387269206741,400387269208095,400387269498199,400387269532626,400387282389137,400387269179085,8318909,13666666,400387269767470,400387269798199,400387269863407,400387270632522,400387272282105,7084,153229,400387272282105,400387270844032,0,400387270632522,
32,206898804,400387277041395,400387277041395,0,400387277458616,400387277459449,400387278024345,400387278063824,400387290708061,400387277439449,8318910,13666666,400387278367730,400387278516949,400387278769762,400387280676949,400387282253980,9583,218385,400387282253980,400387280991064,0,400387280676949,
32,206898812,400387285360321,400387285360321,0,400387285736116,400387285737053,400387285972887,400387286007314,400387299026987,400387285718668,8318911,13666666,400387286232574,400387286338095,400387286412366,400387287198460,400387290457887,8281,152396,400387290457887,400387287407366,0,400387287198460,
32,206898820,400387293679245,400387293679245,0,400387294066220,400387294067210,400387294300126,400387294330699,400387307345911,400387294050335,8318912,13666666,400387294515803,400387294557678,400387294622262,400387295351845,400387297042053,5989,153958,400387297042053,400387295559814,0,400387295351845,
32,206898828,400387301998154,400387301998154,0,400387302236220,400387302236741,400387302426428,400387302454866,400387315664820,400387302221064,8318912,13666666,400387302621480,400387302662105,400387302724710,400387303473876,400387305032626,6667,148750,400387305032626,400387303677053,0,400387303473876,
32,206898836,400387310317066,400387310317066,0,400387310665074,400387310665751,400387311213980,400387311305491,400387323983732,400387310647887,8318912,13666666,400387311412314,400387311546272,400387311627157,400387312628251,400387314244501,8490,195000,400387314244501,400387312892366,0,400387312628251,
32,206898844,400387318635977,400387318635977,0,400387318986585,400387318988564,400387321416897,400387321449814,400387332302643,400387318968668,8318912,13666666,400387321796585,400387321855439,400387321923303,400387322826949,400387324403668,9375,196614,400387324403668,400387323091324,0,400387322826949,
32,206898852,400387326954904,400387326954904,0,400387327231428,400387327232366,400387327568928,400387327592522,400387340621570,400387327211272,8318913,13666666,400387327746897,400387327788876,400387327835126,400387328789918,400387330472991,5365,126510,400387330472991,400387328964970,0,400387328789918,
32,206898860,400387335273805,400387335273805,0,400387335644137,400387335644814,400387335847366,400387335877470,400387348940471,400387335626480,8318912,13666666,400387336106272,400387336141793,400387336192939,400387336917105,400387338499553,6510,132240,400387338499553,400387337098355,0,400387336917105,
32,206898868,400387343592732,400387343592732,0,400387343913147,400387343913824,400387344136689,400387344165543,400387357259398,400387343894970,8318913,13666666,400387344325282,400387344359605,400387344402470,400387345030907,400387347293928,4948,112396,400387347293928,400387345186220,0,400387345030907,
32,206898876,400387351911630,400387351911630,0,400387352313199,400387352313928,400387352518928,400387352548095,400387365578296,400387352295647,8318912,13666666,400387352727314,400387352762001,400387352817262,400387353391793,400387355045491,5208,116563,400387355045491,400387353552314,0,400387353391793,
32,206898884,400387360230555,400387360230555,0,400387360575334,400387360575907,400387361106480,400387361132366,400387373897221,400387360561793,8318913,13666666,400387361637678,400387361669657,400387361717626,400387362308355,400387363795751,5521,131927,400387363795751,400387362486793,0,400387362308355,
32,206898892,400387368549441,400387368549441,0,400387368872730,400387368873564,400387369083668,400387369116376,400387382216107,400387368856116,8318911,13666666,400387369318355,400387369345855,400387369394137,400387370000334,400387371643147,5729,125104,400387371643147,400387370170647,0,400387370000334,
32,206898900,400387376868365,400387376868365,0,400387377250334,400387377251064,400387377492157,400387377521689,400387390535031,400387377234345,8318912,13666666,400387377682418,400387377718616,400387377766272,400387378512939,400387380695126,5573,121927,400387380695126,400387378677939,0,400387378512939,
32,206898908,400387385187277,400387385187277,0,400387385615334,400387385616272,400387386174657,400387386208980,400387398853943,400387385597991,8318912,13666666,400387386298303,400387386350699,400387386424241,400387387125647,400387388839137,6979,144375,400387388839137,400387387321949,0,400387387125647,
32,206898916,400387393506188,400387393506188,0,400387393779241,400387393779709,400387394211116,400387394235803,400387407172854,400387393764032,8318912,13666666,400387394251793,400387394284814,400387394342314,400387395062053,400387396600230,6719,143073,400387396600230,400387395257626,0,400387395062053,
32,206898924,400387401825089,400387401825089,0,400387402133876,400387402134501,400387402402782,400387402438095,400387415491755,400387402117834,8318911,13666666,400387402647053,400387402692157,400387402752626,400387403492678,400387405384293,7552,147239,400387405384293,400387403692887,0,400387403492678,
32,206898932,400387410143984,400387410143984,0,400387410933616,400387410934345,400387411158720,400387411189293,400387423810650,400387410916741,8318910,13666666,400387411361949,400387411416272,400387411477991,400387412438616,400387414843980,7552,143594,400387414843980,400387412637887,0,400387412438616,
32,206898940,400387418462901,400387418462901,0,400387418783512,400387418784137,400387419051845,400387419090074,400387432129567,400387418767626,8318910,13666666,400387419398720,400387419494293,400387419574970,400387420394241,400387422132522,9896,144115,400387422132522,400387420590334,0,400387420394241,
32,206898948,400387426781815,400387426781815,0,400387427674084,400387427675699,400387428219032,400387428279553,400387440448481,400387427624762,8318910,13666666,400387428589866,400387428650595,400387428753564,400387429602991,400387431539241,6875,143542,400387431539241,400387429804032,0,400387429602991,
32,206898956,400387435100724,400387435100724,0,400387435438147,400387435438980,400387435777834,400387435814397,400387448767390,400387435417470,8318910,13666666,400387436136584,400387436215230,400387436289397,400387437013355,400387438570751,9323,163229,400387438570751,400387437230439,0,400387437013355,
32,206898964,400387443419649,400387443419649,0,400387444310803,400387444311428,400387444907574,400387444931532,400387457086315,400387444296845,8318911,13666666,400387445623668,400387445680543,400387445783668,400387446496428,400387448371949,9167,150312,400387448371949,400387446701637,0,400387446496428,
32,206898972,400387451738558,400387451738558,0,400387452339449,400387452340074,400387452574501,400387452599449,400387465405224,400387452325647,8318911,13666666,400387452775907,400387452840022,400387452969501,400387453542366,400387455345178,7656,116042,400387455345178,400387453699970,0,400387453542366,
32,206898980,400387460057467,400387460057467,0,400387460525387,400387460526793,400387460801220,400387460843720,400387473724133,400387460503043,8318909,13666666,400387461104918,400387461146116,400387461206949,400387462481428,400387464569449,5729,363073,400387464569449,400387462904137,0,400387462481428,
32,206898988,400387468376351,400387468376351,0,400387468650334,400387468651064,400387470925959,400387470965699,400387482043017,400387468631637,8318909,13666666,400387471349032,400387471390855,400387471461324,400387472237262,400387473994918,6094,158542,400387473994918,400387472447105,0,400387472237262,
32,206898996,400387476695276,400387476695276,0,400387476997782,400387476998564,400387477355907,400387477391480,400387490361942,400387476978147,8318910,13666666,400387477649449,400387478462418,400387478629605,400387479776949,400387481523459,22500,333021,400387481523459,400387480197991,0,400387479776949,
32,206899004,400387485014187,400387485014187,0,400387485293668,400387485294449,400387485517522,400387485547418,400387498680853,400387485278251,8318910,13666666,400387485766168,400387485794553,400387485873199,400387486655699,400387488507574,7708,181927,400387488507574,400387486890282,0,400387486655699,
32,206899012,400387493333110,400387493333110,0,400387493653772,400387493654866,400387493872574,400387493906272,400387506999776,400387493636012,8318910,13666666,400387494106793,400387494171116,400387494231949,400387494992470,400387496737678,7084,155677,400387496737678,400387495203147,0,400387494992470,
32,206899020,400387501652008,400387501652008,0,400387502007470,400387502008407,400387502570647,400387502605595,400387515318674,400387501992157,8318910,13666666,400387502705282,400387502747730,400387502823355,400387503603824,400387505407366,7136,147343,400387505407366,400387503803876,0,400387503603824,
32,206899028,400387509970936,400387509970936,0,400387510302105,400387510302782,400387510763355,400387510792834,400387523637602,400387510286480,8318911,13666666,400387510811741,400387510858616,400387510919866,400387511634501,400387513370855,7083,148594,400387513370855,400387511837262,0,400387511634501,
32,206899036,400387518289860,400387518289860,0,400387518736741,400387518737366,400387519029137,400387519060803,400387531956526,400387518720699,8318912,13666666,400387519269501,400387519322314,400387519421897,400387520415074,400387523155751,9479,309219,400387523155751,400387520796428,0,400387520415074,
32,206899044,400387526608774,400387526608774,0,400387527232314,400387527232939,400387527520074,400387527554709,400387540275440,400387527216949,8318912,13666666,400387527739970,400387527771116,400387527832939,400387528550491,400387530258772,7031,142396,400387530258772,400387528743512,0,400387528550491,
32,206899052,400387534927683,400387534927683,0,400387535342834,400387535343564,400387535561480,400387535591272,400387548594349,400387535329397,8318911,13666666,400387535772209,400387535814605,400387535865439,400387536604137,400387538301741,6458,150938,400387538301741,400387536804970,0,400387536604137,
32,206899060,400387543246582,400387543246582,0,400387543610022,400387543611012,400387543879657,400387543919449,400387556913248,400387543587418,8318911,13666666,400387544192157,400387544255178,400387544334345,400387546016220,400387547968355,7813,180417,400387547968355,400387546255647,0,400387546016220,
32,206899068,400387551565493,400387551565493,0,400387552145022,400387552145647,400387552494605,400387552573824,400387565232159,400387552118199,8318911,13666666,400387553070855,400387553153459,400387553364241,400387554174293,400387556261949,13021,166875,400387556261949,400387554400126,0,400387554174293,
32,206899076,400387559884404,400387559884404,0,400387560215959,400387560216636,400387560420647,400387560447991,400387573551070,400387560199970,8318911,13666666,400387560630751,400387560679866,400387560769553,400387561724189,400387563460751,7917,153177,400387563460751,400387561932261,0,400387561724189,
32,206899084,400387568203316,400387568203316,0,400387568629709,400387568630647,400387568929241,400387568959293,400387581869982,400387568609970,8318911,13666666,400387569147782,400387569180282,400387569249918,400387569971324,400387571539241,7552,213437,400387571539241,400387570235543,0,400387569971324,
32,206899092,400387576522233,400387576522233,0,400387576968616,400387576969293,400387577210022,400387577241064,400387590188899,400387576952834,8318912,13666666,400387577432209,400387577498147,400387577738303,400387578431272,400387580183407,5365,169896,400387580183407,400387578650074,0,400387578431272,
32,206899100,400387584841157,400387584841157,0,400387585595334,400387585596532,400387586478720,400387586532626,400387598507823,400387585557314,8318912,13666666,400387587082261,400387587131897,400387587230803,400387587965126,400387589719657,5938,195937,400387589719657,400387588206428,125780153691231,400387587965126,
32,206899108,400387593160083,400387593160083,0,400387593755647,400387593756324,400387593959084,400387593984501,400387606826749,400387593739345,8318913,13666666,400387594180178,400387594215699,400387594338303,400387595137782,400387596819136,6771,151198,400387596819136,400387595341636,7309464732524569964,400387595137782,
32,206899116,400387601478997,400387601478997,0,400387601975907,400387601976741,400387602383720,400387602435907,400387615145663,400387601950907,8318913,13666666,400387602886845,400387602964814,400387603076689,400387603802418,400387605527834,5573,216979,400387605527834,400387604067886,8100961328684823647,400387603802418,
32,206899124,400387609797905,400387609797905,0,400387610285855,400387610286532,400387610477574,400387610502418,400387623464571,400387610271897,8318913,13666666,400387610663095,400387610713720,400387610813407,400387611610178,400387613319657,5938,193333,400387613319657,400387611853355,7809911830588908916,400387611610178,
32,206899132,400387618116820,400387618116820,0,400387618589970,400387618590647,400387618774032,400387618797626,400387631783486,400387618576480,8318913,13666666,400387618947157,400387618998511,400387619109345,400387619833928,400387621553720,6979,178021,400387621553720,400387620063668,7306085877491393385,400387619833928,
32,206899140,400387626435734,400387626435734,0,400387626903355,400387626904345,400387627220647,400387627268199,400387640102400,400387626877782,8318913,13666666,400387627550334,400387627593564,400387627653668,400387628400491,400387630134553,6406,153698,400387630134553,400387628609970,8097316434837661042,400387628400491,
32,206899148,400387634754650,400387634754650,0,400387635038772,400387635039553,400387635279397,400387635318876,400387648421316,400387635018980,8318913,13666666,400387635548095,400387635587834,400387635649761,400387636401845,400387638221220,5156,140885,400387638221220,400387636592053,0,400387636401845,
32,206899156,400387643073548,400387643073548,0,400387643388980,400387643389761,400387643615699,400387643647939,400387656740214,400387643372678,8318912,13666666,400387643914449,400387644021793,400387644080595,400387644777261,400387646515439,6198,137135,400387646515439,400387644967522,0,400387644777261,
32,206899164,400387651392459,400387651392459,0,400387651867053,400387651867991,400387652148980,400387652187470,400387665059125,400387651849605,8318912,13666666,400387652402366,400387652447886,400387652516897,400387653232678,400387654958616,6979,159062,400387654958616,400387653447886,0,400387653232678,
32,206899172,400387659711361,400387659711361,0,400387660219293,400387660219918,400387660442209,400387660476272,400387673378027,400387660204084,8318911,13666666,400387660666636,400387660693928,400387660782991,400387661657366,400387663454657,6146,143542,400387663454657,400387661854345,0,400387661657366,
32,206899180,400387668030272,400387668030272,0,400387668378928,400387668379814,400387668602418,400387668634657,400387681696938,400387668362053,8318911,13666666,400387668839501,400387668882626,400387668945595,400387669642105,400387671501064,6510,135885,400387671501064,400387669827314,0,400387669642105,
32,206899188,400387676349196,400387676349196,0,400387676781949,400387676782678,400387677326272,400387677357782,400387690015862,400387676763459,8318913,13666666,400387677448564,400387677507886,400387677577886,400387678322991,400387680079084,7344,152396,400387680079084,400387678531116,0,400387678322991,
32,206899196,400387684668122,400387684668122,0,400387685087834,400387685088668,400387685591011,400387685618668,400387698334788,400387685070751,8318913,13666666,400387685634657,400387685662834,400387685722418,400387686373720,400387687964918,5625,116459,400387687964918,400387686534397,0,400387686373720,
32,206899204,400387692987033,400387692987033,0,400387693451584,400387693452209,400387693695491,400387693722782,400387706653699,400387693436949,8318911,13666666,400387693923564,400387693965855,400387694032001,400387694737574,400387696450595,6146,142552,400387696450595,400387694933511,0,400387694737574,
32,206899212,400387701305917,400387701305917,0,400387701781376,400387701782209,400387702086272,400387702125803,400387714972583,400387701758095,8318911,13666666,400387702378668,400387702421011,400387702611949,400387703963407,400387708302626,9219,232188,400387708302626,400387704270543,0,400387703963407,
32,206899220,400387709624832,400387709624832,0,400387709974814,400387709975439,400387710193511,400387710224449,400387723291498,400387709959241,8318911,13666666,400387710406272,400387710466741,400387710521845,400387711204761,400387713172470,5313,147083,400387713172470,400387711405647,0,400387711204761,
32,206899228,400387717943726,400387717943726,0,400387718401480,400387718402157,400387718627261,400387718662366,400387731610392,400387718385386,8318909,13666666,400387718848772,400387718877782,400387718938928,400387719636480,400387721363407,7187,148177,400387721363407,400387719838668,0,400387719636480,
32,206899236,400387726262622,400387726262622,0,400387726721220,400387726721949,400387726936845,400387726967157,400387739929288,400387726705178,8318909,13666666,400387727155022,400387727205439,400387727261897,400387727942314,400387729676324,7136,171510,400387729676324,400387728165491,0,400387727942314,
32,206899244,400387734581520,400387734581520,0,400387734852470,400387734853251,400387735045959,400387735073407,400387748248186,400387734837209,8318908,13666666,400387735264449,400387735307626,400387735364970,400387736366636,400387738100074,7135,143230,400387738100074,400387736563043,0,400387736366636,
32,206899252,400387742900445,400387742900445,0,400387743327626,400387743328303,400387743541793,400387743572053,400387756567111,400387743312991,8318909,13666666,400387743751272,400387743793199,400387743851220,400387744574918,400387746304084,5000,135365,400387746304084,400387744760491,0,400387744574918,
32,206899260,400387751219354,400387751219354,0,400387751466689,400387751467418,400387752310334,400387752348720,400387764886020,400387751452470,8318909,13666666,400387752552366,400387752597886,400387752657782,400387753363043,400387755064189,6927,142656,400387755064189,400387753555959,0,400387753363043,
32,206899268,400387759538263,400387759538263,0,400387760509553,400387760510230,400387760755022,400387760786064,400387773204929,400387760493564,8318910,13666666,400387760961636,400387760996376,400387761047939,400387761712574,400387763420959,7396,151927,400387763420959,400387761918928,0,400387761712574,
32,206899276,400387767857187,400387767857187,0,400387768213616,400387768214449,400387768417730,400387768448251,400387781523853,400387768198928,8318910,13666666,400387768632313,400387768661793,400387768719449,400387769494084,400387771208720,6875,175886,400387771208720,400387769759709,0,400387769494084,
32,206899284,400387776176101,400387776176101,0,400387776467261,400387776468043,400387776669553,400387776697001,400387789842767,400387776453147,8318910,13666666,400387776876741,400387776916688,400387776968355,400387777741011,400387779478824,5260,132292,400387779478824,400387777962834,0,400387777741011,
32,206899292,400387784494997,400387784494997,0,400387784839449,400387784840491,400387785092626,400387785129657,400387798161663,400387784824397,8318909,13666666,400387785338824,400387785382782,400387785445647,400387786214397,400387788118824,6511,167604,400387788118824,400387786440855,0,400387786214397,
32,206899307,400387792813924,400387792813924,0,400387793227313,400387793228772,400387793472626,400387793507157,400387806480590,400387793208928,8318910,13666666,400387793803303,400387793857782,400387793938668,400387794790959,400387796455751,8334,177864,400387796455751,400387795029866,0,400387794790959,
32,206899322,400387801132847,400387801132847,0,400387801606376,400387801607209,400387801876845,400387801910595,400387814799513,400387801588407,8318911,13666666,400387802134866,400387802174866,400387802244709,400387802977157,400387804714188,7657,158958,400387804714188,400387803185438,0,400387802977157,
32,206899337,400387809451759,400387809451759,0,400387809784761,400387809785595,400387810496793,400387810532470,400387823118425,400387809767574,8318911,13666666,400387811137522,400387811188459,400387811252626,400387812068876,400387814300386,8229,184375,400387814300386,400387812313668,0,400387812068876,
32,206899352,400387817770670,400387817770670,0,400387818277209,400387818277991,400387818516480,400387818555907,400387831437336,400387818259553,8318911,13666666,400387818804084,400387818863563,400387818932522,400387819823407,400387821459032,8073,183854,400387821459032,400387820064553,0,400387819823407,
32,206899360,400387826089584,400387826089584,0,400387826410751,400387826411324,400387826670438,400387826706272,400387839756250,400387826389709,8318911,13666666,400387826931428,400387826980126,400387827050126,400387827836428,400387829549032,7604,168646,400387829549032,400387828057522,0,400387827836428,
32,206899368,400387834408493,400387834408493,0,400387834710074,400387834710647,400387834914657,400387834943668,400387848075159,400387834692105,8318912,13666666,400387835131272,400387835168459,400387835226793,400387835891376,400387837631688,6302,171198,400387837631688,400387836116272,0,400387835891376,
32,206899376,400387842727417,400387842727417,0,400387843069397,400387843070074,400387843312157,400387843343876,400387856394083,400387843053199,8318912,13666666,400387843538563,400387843578772,400387843645334,400387844651741,400387846551949,8229,235833,400387846551949,400387844964813,0,400387844651741,
32,206899384,400387851046326,400387851046326,0,400387851578563,400387851579501,400387852080855,400387852119188,400387864712992,400387851545126,8318912,13666666,400387852336949,400387852386428,400387852456793,400387853393928,400387856102470,7292,196771,400387856102470,400387853672313,0,400387853393928,
32,206899392,400387859365252,400387859365252,0,400387859753355,400387859754293,400387860077470,400387860124397,400387873031918,400387859736116,8318913,13666666,400387860444293,400387860496949,400387860615074,400387861512886,400387863424553,8541,158646,400387863424553,400387861732782,0,400387861512886,
32,206899400,400387867684152,400387867684152,0,400387868317834,400387868318668,400387868578303,400387868612261,400387881350818,400387868301116,8318912,13666666,400387868853980,400387868896793,400387869025282,400387869996584,400387871864084,7812,151666,400387871864084,400387870204709,0,400387869996584,
32,206899408,400387876003077,400387876003077,0,400387876446376,400387876446949,400387876713147,400387876755803,400387889669743,400387876428824,8318913,13666666,400387877056324,400387877087470,400387877205022,400387878436324,400387880541636,9480,182865,400387880541636,400387878689918,0,400387878436324,
32,206899416,400387884321994,400387884321994,0,400387884702053,400387884702366,400387884942626,400387884972470,400387897988660,400387884681428,8318913,13666666,400387885166428,400387885208043,400387885271741,400387885947522,400387887641220,6718,146875,400387887641220,400387886144866,0,400387885947522,
32,206899424,400387892640897,400387892640897,0,400387893157366,400387893160595,400387893648251,400387893689188,400387906307563,400387893118720,8318912,13666666,400387893938980,400387893982001,400387894062157,400387895022834,400387897011741,8959,187448,400387897011741,400387895288720,0,400387895022834,
32,206899432,400387900959825,400387900959825,0,400387901356063,400387901357730,400387901696584,400387901744761,400387914626491,400387901291376,8318913,13666666,400387901961584,400387901998199,400387902093251,400387902943251,400387908138355,5781,296615,400387908138355,400387903343511,0,400387902943251,
32,206899440,400387909278736,400387909278736,0,400387910433147,400387910435074,400387911031741,400387911094397,400387922945402,400387910381063,8318913,13666666,400387911443043,400387911478563,400387911632053,400387912318876,400387914057886,6927,131250,400387914057886,400387912494657,0,400387912318876,
32,206899448,400387917597650,400387917597650,0,400387918266376,400387918266897,400387918689657,400387918734918,400387931264316,400387918243668,8318913,13666666,400387919082522,400387919133043,400387919201428,400387919913043,400387921801584,11667,162084,400387921801584,400387920123563,0,400387919913043,
32,206899456,400387925916548,400387925916548,0,400387926249605,400387926250178,400387926560647,400387926594032,400387939583214,400387926233147,8318912,13666666,400387926801688,400387926828616,400387926885230,400387927562834,400387929258824,6927,125937,400387929258824,400387927738303,0,400387927562834,
32,206899464,400387934235459,400387934235459,0,400387934594397,400387934595491,400387934823720,400387934856636,400387947902125,400387934575855,8318912,13666666,400387935040803,400387935083199,400387935146220,400387935895907,400387937445855,7396,168489,400387937445855,400387936117209,0,400387935895907,
32,206899472,400387942554387,400387942554387,0,400387943059657,400387943060595,400387943296845,400387943329813,400387956221053,400387943042886,8318911,13666666,400387943524241,400387943574866,400387943690595,400387944463720,400387946185803,6562,145937,400387946185803,400387944662834,0,400387944463720,
32,206899480,400387950873271,400387950873271,0,400387951633876,400387951635438,400387952309761,400387952372938,400387964539937,400387951587678,8318911,13666666,400387952697366,400387952734084,400387952831168,400387953464345,400387955233563,5260,121302,400387955233563,400387953629866,0,400387953464345,
32,206899488,400387959192193,400387959192193,0,400387959725386,400387959726532,400387959959657,400387960038772,400387972858859,400387959707991,8318912,13666666,400387960257522,400387960345855,400387960444761,400387961502782,400387963629501,18438,242865,400387963629501,400387961831324,0,400387961502782,
32,206899496,400387967511109,400387967511109,0,400387967962418,400387967963043,400387968236845,400387968269084,400387981177775,400387967946949,8318912,13666666,400387968497053,400387968544501,400387968619293,400387969394241,400387971145126,8177,156771,400387971145126,400387969607626,0,400387969394241,
32,206899504,400387975830021,400387975830021,0,400387976148147,400387976148824,400387976365855,400387976396376,400387989496687,400387976133876,8318912,13666666,400387976578563,400387976649605,400387976720230,400387977327938,400387978795230,6615,162344,400387978795230,400387977546063,0,400387977327938,
32,206899512,400387984148936,400387984148936,0,400387984481116,400387984481741,400387984730907,400387984761480,400387997815602,400387984466584,8318912,13666666,400387984986480,400387985023355,400387985109084,400387985928772,400387987505438,8959,238906,400387987505438,400387986229553,0,400387985928772,
32,206899520,400387992467861,400387992467861,0,400387992744605,400387992745438,400387992984188,400387993019865,400388006134527,400387992727626,8318913,13666666,400387993223407,400387993268355,400387993334761,400387994053303,400387995796584,7240,150208,400387995796584,400387994256168,0,400387994053303,
32,206899528,400388000786761,400388000786761,0,400388001337782,400388001338563,400388001682782,400388001716688,400388014453427,400388001321949,8318912,13666666,400388002019813,400388002078303,400388002139865,400388002842522,400388004593772,6354,149896,400388004593772,400388003043147,0,400388002842522,
32,206899536,400388009105672,400388009105672,0,400388009531168,400388009532157,400388009793928,400388009833251,400388022772338,400388009511115,8318912,13666666,400388010085126,400388010158720,400388010247574,400388011207470,400388012721428,9375,201614,400388012721428,400388011483824,0,400388011207470,
32,206899544,400388017424574,400388017424574,0,400388017666376,400388017667001,400388017870126,400388017896584,400388031091240,400388017655074,8318911,13666666,400388018064293,400388018107574,400388018173303,400388018931793,400388020659136,7500,142448,400388020659136,400388019126220,0,400388018931793,
32,206899552,400388025743485,400388025743485,0,400388026186897,400388026187522,400388026396115,400388026425647,400388039410151,400388026172678,8318911,13666666,400388026598928,400388026630647,400388026703355,400388027724657,400388029425959,7084,147968,400388029425959,400388027926584,0,400388027724657,
32,206899560,400388034062380,400388034062380,0,400388034769761,400388034770490,400388035052157,400388035091793,400388047729046,400388034753199,8318910,13666666,400388035291220,400388035321376,400388035380647,400388036187157,400388037916220,7500,147761,400388037916220,400388036385699,0,400388036187157,
32,206899568,400388042381294,400388042381294,0,400388042679293,400388042679970,400388042889553,400388042917470,400388056047960,400388042664865,8318910,13666666,400388043098876,400388043146324,400388043388251,400388044108668,400388045810334,6406,146563,400388045810334,400388044307782,0,400388044108668,
32,206899576,400388050700219,400388050700219,0,400388051097938,400388051098511,400388051317105,400388051348459,400388064366885,400388051081688,8318911,13666666,400388051534397,400388051576532,400388051633668,400388052380074,400388054177157,5521,142292,400388054177157,400388052575126,7306934700536131427,400388052380074,
32,206899584,400388059019146,400388059019146,0,400388059512782,400388059514605,400388060188147,400388060251480,400388072685812,400388059465334,8318913,13666666,400388060583251,400388060623251,400388060719136,400388061463772,400388063812470,6094,153958,400388063812470,400388061677001,8318823021040067423,400388061463772,
32,206899592,400388067338072,400388067338072,0,400388067601897,400388067602522,400388067815855,400388067847678,400388081004738,400388067583980,8318913,13666666,400388068177886,400388068227626,400388068350282,400388069321168,400388070944501,7239,220521,400388070944501,400388069613876,6874028453762003572,400388069321168,
32,206899600,400388075656983,400388075656983,0,400388076229240,400388076229970,400388076426740,400388076451115,400388089323649,400388076215334,8318913,13666666,400388076679501,400388076769188,400388076938147,400388078150907,400388080093928,14792,275053,400388080093928,400388078533355,7956012745154194530,400388078150907,
32,206899608,400388083975895,400388083975895,0,400388084464345,400388084464970,400388084722157,400388084760022,400388097642561,400388084444970,8318913,13666666,400388085026845,400388085088563,400388085170438,400388086021897,400388089556480,9114,165365,400388089556480,400388086246793,7307502065682249069,400388086021897,
32,206899616,400388092294811,400388092294811,0,400388092590490,400388092591428,400388092821636,400388092855126,400388105961477,400388092573668,8318913,13666666,400388093052313,400388093092886,400388093171688,400388093911532,400388095582157,5469,152604,400388095582157,400388094120543,8169381708511007304,400388093911532,
32,206899624,400388100613725,400388100613725,0,400388101014449,400388101015126,400388101247678,400388101278407,400388114280391,400388100996636,8318913,13666666,400388101483876,400388101526063,400388101593824,400388102417886,400388104109449,7448,131563,400388104109449,400388102601897,8097283393133169494,400388102417886,
32,206899632,400388108932634,400388108932634,0,400388109229032,400388109229657,400388109437105,400388109463511,400388122599300,400388109214397,8318913,13666666,400388109653563,400388109697001,400388109759605,400388110491636,400388111978928,7083,141927,400388111978928,400388110687834,5431142508371378177,400388110491636,
32,206899648,400388125570435,400388125570435,0,400388125966168,400388125967105,400388126290699,400388126322574,400388139237101,400388125945282,8318911,13666666,400388126561168,400388126662470,400388126747626,400388127698407,400388129573615,9844,206562,400388129573615,400388127990803,8589934592,400388127698407,
40,206899656,400388133889360,400388133889360,0,400388134135126,400388134135855,400388134293720,400388134318980,400388147556026,400388134121532,8318912,13666666,400388134335022,400388134382261,400387128312053,400387129087887,400387130796012,7240,141250,400387130796012,400387129279293,0,400387129087887,
---PROFILEDATA---


View hierarchy:

  com.chasel.ng2.n/com.chasel.ng2n.MainActivity/android.view.ViewRootImpl@8679fe0
  9 views, 15.85 kB of render nodes


  Dynamic VRI BBQ Log.  render_draw: false  hdr_dimmer: false  blur_blend: false  hwui_window_decor: false  sync_barrier: false

Total ViewRootImpl   : 1
Total attached Views : 9
Total RenderNode     : 15.85 kB (used) / 39.86 kB (capacity)
