Applications Graphics Acceleration Info:
Uptime: 286325617 Realtime: 769465093

** Graphics info for pid 8490 [com.chasel.ng2.n] **

Stats since: 286306203628645ns
Total frames rendered: 1376
Janky frames: 1 (0.07%)
Janky frames (legacy): 112 (8.14%)
50th percentile: 5ms
90th percentile: 12ms
95th percentile: 17ms
99th percentile: 18ms
Number Missed Vsync: 0
Number High input latency: 2532
Number Slow UI thread: 1
Number Slow bitmap uploads: 0
Number Slow issue draw commands: 1
Number Frame deadline missed: 1
Number Frame deadline missed (legacy): 0
HISTOGRAM: 5ms=1052 6ms=28 7ms=10 8ms=26 9ms=100 10ms=10 11ms=6 12ms=20 13ms=18 14ms=2 15ms=2 16ms=8 17ms=78 18ms=10 19ms=4 20ms=0 21ms=2 22ms=0 23ms=0 24ms=0 25ms=0 26ms=0 27ms=0 28ms=0 29ms=0 30ms=0 31ms=0 32ms=0 34ms=0 36ms=0 38ms=0 40ms=0 42ms=0 44ms=0 46ms=0 48ms=0 53ms=0 57ms=0 61ms=0 65ms=0 69ms=0 73ms=0 77ms=0 81ms=0 85ms=0 89ms=0 93ms=0 97ms=0 101ms=0 105ms=0 109ms=0 113ms=0 117ms=0 121ms=0 125ms=0 129ms=0 133ms=0 150ms=0 200ms=0 250ms=0 300ms=0 350ms=0 400ms=0 450ms=0 500ms=0 550ms=0 600ms=0 650ms=0 700ms=0 750ms=0 800ms=0 850ms=0 900ms=0 950ms=0 1000ms=0 1050ms=0 1100ms=0 1150ms=0 1200ms=0 1250ms=0 1300ms=0 1350ms=0 1400ms=0 1450ms=0 1500ms=0 1550ms=0 1600ms=0 1650ms=0 1700ms=0 1750ms=0 1800ms=0 1850ms=0 1900ms=0 1950ms=0 2000ms=0 2050ms=0 2100ms=0 2150ms=0 2200ms=0 2250ms=0 2300ms=0 2350ms=0 2400ms=0 2450ms=0 2500ms=0 2550ms=0 2600ms=0 2650ms=0 2700ms=0 2750ms=0 2800ms=0 2850ms=0 2900ms=0 2950ms=0 3000ms=0 3050ms=0 3100ms=0 3150ms=0 3200ms=0 3250ms=0 3300ms=0 3350ms=0 3400ms=0 3450ms=0 3500ms=0 3550ms=0 3600ms=0 3650ms=0 3700ms=0 3750ms=0 3800ms=0 3850ms=0 3900ms=0 3950ms=0 4000ms=0 4050ms=0 4100ms=0 4150ms=0 4200ms=0 4250ms=0 4300ms=0 4350ms=0 4400ms=0 4450ms=0 4500ms=0 4550ms=0 4600ms=0 4650ms=0 4700ms=0 4750ms=0 4800ms=0 4850ms=0 4900ms=0 4950ms=0
50th gpu percentile: 2ms
90th gpu percentile: 9ms
95th gpu percentile: 14ms
99th gpu percentile: 15ms
GPU HISTOGRAM: 1ms=0 2ms=838 3ms=218 4ms=40 5ms=18 6ms=26 7ms=64 8ms=34 9ms=8 10ms=10 11ms=12 12ms=10 13ms=10 14ms=24 15ms=52 16ms=4 17ms=6 18ms=2 19ms=0 20ms=0 21ms=0 22ms=0 23ms=0 24ms=0 25ms=0 4950ms=0

Pipeline=Skia (Vulkan)
Memory policy:
  Max surface area: 3240320
  Max resource usage: 466.61MB (x48)
  Background retention: 50% (altUiHidden = true)
  GPU Context timeout: 10
Contexts: 1 (stopped = 0)
CPU Caches:
  Glyph Cache: 11.17 MB (1 entry)
  Glyph Count: 388 
Total CPU memory usage:
  11717522 bytes, 11.17 MB (0.00 bytes is purgeable)
GPU Caches:
  Other:
    Other: 27.41 KB (1 entry)
    Buffer Object: 2.94 KB (6 entries)
    GrVkImage: 960.00 KB (4 entries)
  Scratch:
    GrVkTextureRenderTarget: 62.85 MB (8 entries)
    Surface: 6.00 MB (4 entries)
    Buffer Object: 622.00 KB (14 entries)
    GrVkImage: 448.00 KB (22 entries)
  Image:
    Surface: 6.64 MB (7 entries)
Total GPU memory usage:
  81266448 bytes, 77.50 MB (14.44 MB is purgeable)
Detail dimensions: 
Surface:				16560		{69x60}	2
Surface:				75076		{137x137}	3
GrVkImage:				0		{640x1390}	1
GrVkImage:				0		{69x60}	2
GrVkImage:				0		{137x137}	3
Buffer Object:				49152		{0x0}	1
GrVkImage:				0		{2048x1024}	3
Surface:				2097152		{2048x1024}	3
GrVkImage:				0		{768x1024}	1
Surface:				3558400		{640x1390}	1
Buffer Object:				30720		{0x0}	1
Surface:				3145728		{768x1024}	1
GrVkImage:				0		{1220x2656}	4
GrVkTextureRenderTarget:				12961280		{1220x2656}	4
Surface:				128		{128x1}	1
GrVkImage:				0		{128x1}	1
GrVkImage:				262144		{512x128}	2
GrVkImage:				0		{512x128}	1
GrVkImage:				131072		{256x128}	2
GrVkImage:				0		{1472x2368}	1
GrVkImage:				0		{256x128}	1
GrVkImage:				0		{512x32}	1
GrVkImage:				65536		{512x32}	2
Buffer Object:				264		{0x0}	1
Buffer Object:				186		{0x0}	1
GrVkImage:				524288		{512x256}	1
Buffer Object:				131072		{0x0}	1
GrVkTextureRenderTarget:				32768		{256x128}	1
GrVkTextureRenderTarget:				13942784		{1472x2368}	1
GrVkTextureRenderTarget:				16384		{512x32}	1
Buffer Object:				65536		{0x0}	2
Buffer Object:				32768		{0x0}	9
Buffer Object:				272		{0x0}	1
Buffer Object:				192		{0x0}	1
Buffer Object:				1920		{0x0}	1
Buffer Object:				180		{0x0}	1
GrVkTextureRenderTarget:				65536		{512x128}	1

GraphicBufferAllocator buffers:
            Handle |         Size |     W (Stride) x H | Layers |   Format |      Usage | Requestor
0xb400007badcb6b30 | 13280.00 KiB | 1220 (1280) x 2656 |      1 |        1 | 0x10000b00 | VRI[MainActivity]#5(BLAST Consumer)5
0xb400007badcb8080 | 13280.00 KiB | 1220 (1280) x 2656 |      1 |        1 | 0x10000b00 | VRI[MainActivity]#5(BLAST Consumer)5
0xb400007badcb81e0 | 13280.00 KiB | 1220 (1280) x 2656 |      1 |        1 | 0x10000b00 | VRI[MainActivity]#5(BLAST Consumer)5
0xb400007badcb93c0 | 13280.00 KiB | 1220 (1280) x 2656 |      1 |        1 | 0x10000b00 | VRI[MainActivity]#5(BLAST Consumer)5
0xb400007badcc57b0 |  3475.00 KiB |  640 ( 640) x 1390 |      1 |        1 | 0x     100 | AHardwareBuffer pid [8490]
0xb400007badcc5f40 |   102.75 KiB |  137 ( 192) x  137 |      1 |        1 | 0x     100 | AHardwareBuffer pid [8490]
0xb400007badcc9c70 |   102.75 KiB |  137 ( 192) x  137 |      1 |        1 | 0x     100 | AHardwareBuffer pid [8490]
0xb400007badcda310 |  3475.00 KiB |  640 ( 640) x 1390 |      1 |        1 | 0x     100 | AHardwareBuffer pid [8490]
0xb400007badcdd5f0 |    30.00 KiB |   69 ( 128) x   60 |      1 |        1 | 0x     100 | AHardwareBuffer pid [8490]
0xb400007badce1a00 |    30.00 KiB |   69 ( 128) x   60 |      1 |        1 | 0x     100 | AHardwareBuffer pid [8490]
0xb400007badd03240 |  3072.00 KiB |  768 ( 768) x 1024 |      1 |        1 | 0x     100 | AHardwareBuffer pid [8490]
0xb400007baddd8650 |   102.75 KiB |  137 ( 192) x  137 |      1 |        1 | 0x     100 | AHardwareBuffer pid [8490]
Total allocated by GraphicBufferAllocator (estimate): 63510.25 KB
Imported gralloc buffers:
+ name:VRI[MainActivity]#5(BLAST Consumer)5, id:283975, size:13364.00KiB, w/h:1220x2656, usage: 0x10000b00, req fmt:1, fourcc/mod:0/0, dataspace: 0x8810000, compressed: true
+ name:VRI[MainActivity]#5(BLAST Consumer)5, id:283974, size:13364.00KiB, w/h:1220x2656, usage: 0x10000b00, req fmt:1, fourcc/mod:0/0, dataspace: 0x8810000, compressed: true
+ name:VRI[MainActivity]#5(BLAST Consumer)5, id:283973, size:13364.00KiB, w/h:1220x2656, usage: 0x10000b00, req fmt:1, fourcc/mod:0/0, dataspace: 0x8810000, compressed: true
+ name:AHardwareBuffer pid [8490], id:283834, size:32.00KiB, w/h:69x60, usage: 0x100, req fmt:1, fourcc/mod:875708993/0, dataspace: 0x0, compressed: false
+ name:AHardwareBuffer pid [8490], id:283825, size:3476.00KiB, w/h:640x1390, usage: 0x100, req fmt:1, fourcc/mod:875708993/0, dataspace: 0x0, compressed: false
+ name:VRI[MainActivity]#5(BLAST Consumer)5, id:283976, size:13364.00KiB, w/h:1220x2656, usage: 0x10000b00, req fmt:1, fourcc/mod:0/0, dataspace: 0x8810000, compressed: true
+ name:AHardwareBuffer pid [8490], id:283827, size:104.00KiB, w/h:137x137, usage: 0x100, req fmt:1, fourcc/mod:875708993/0, dataspace: 0x0, compressed: false
+ name:AHardwareBuffer pid [8490], id:283812, size:32.00KiB, w/h:69x60, usage: 0x100, req fmt:1, fourcc/mod:875708993/0, dataspace: 0x0, compressed: false
+ name:AHardwareBuffer pid [8490], id:283835, size:3072.00KiB, w/h:768x1024, usage: 0x100, req fmt:1, fourcc/mod:875708993/0, dataspace: 0x0, compressed: false
+ name:AHardwareBuffer pid [8490], id:283824, size:104.00KiB, w/h:137x137, usage: 0x100, req fmt:1, fourcc/mod:875708993/0, dataspace: 0x0, compressed: false
+ name:AHardwareBuffer pid [8490], id:283826, size:3476.00KiB, w/h:640x1390, usage: 0x100, req fmt:1, fourcc/mod:875708993/0, dataspace: 0x0, compressed: false
+ name:AHardwareBuffer pid [8490], id:283833, size:104.00KiB, w/h:137x137, usage: 0x100, req fmt:1, fourcc/mod:875708993/0, dataspace: 0x0, compressed: false
Total imported by gralloc: 63856.00KiB

Profile data in ms:

	com.chasel.ng2.n/com.chasel.ng2n.MainActivity/android.view.ViewRootImpl@f99ef86 (visibility=0)
Window: com.chasel.ng2.n/com.chasel.ng2n.MainActivity
Stats since: 286306203628540ns
Total frames rendered: 1376
Janky frames: 1 (0.07%)
Janky frames (legacy): 112 (8.14%)
50th percentile: 5ms
90th percentile: 12ms
95th percentile: 17ms
99th percentile: 18ms
Number Missed Vsync: 0
Number High input latency: 2532
Number Slow UI thread: 1
Number Slow bitmap uploads: 0
Number Slow issue draw commands: 1
Number Frame deadline missed: 1
Number Frame deadline missed (legacy): 0
HISTOGRAM: 5ms=1052 6ms=28 7ms=10 8ms=26 9ms=100 10ms=10 11ms=6 12ms=20 13ms=18 14ms=2 15ms=2 16ms=8 17ms=78 18ms=10 19ms=4 20ms=0 21ms=2 22ms=0 23ms=0 24ms=0 25ms=0 26ms=0 27ms=0 28ms=0 29ms=0 30ms=0 31ms=0 32ms=0 34ms=0 36ms=0 38ms=0 40ms=0 42ms=0 44ms=0 46ms=0 48ms=0 53ms=0 57ms=0 61ms=0 65ms=0 69ms=0 73ms=0 77ms=0 81ms=0 85ms=0 89ms=0 93ms=0 97ms=0 101ms=0 105ms=0 109ms=0 113ms=0 117ms=0 121ms=0 125ms=0 129ms=0 133ms=0 150ms=0 200ms=0 250ms=0 300ms=0 350ms=0 400ms=0 450ms=0 500ms=0 550ms=0 600ms=0 650ms=0 700ms=0 750ms=0 800ms=0 850ms=0 900ms=0 950ms=0 1000ms=0 1050ms=0 1100ms=0 1150ms=0 1200ms=0 1250ms=0 1300ms=0 1350ms=0 1400ms=0 1450ms=0 1500ms=0 1550ms=0 1600ms=0 1650ms=0 1700ms=0 1750ms=0 1800ms=0 1850ms=0 1900ms=0 1950ms=0 2000ms=0 2050ms=0 2100ms=0 2150ms=0 2200ms=0 2250ms=0 2300ms=0 2350ms=0 2400ms=0 2450ms=0 2500ms=0 2550ms=0 2600ms=0 2650ms=0 2700ms=0 2750ms=0 2800ms=0 2850ms=0 2900ms=0 2950ms=0 3000ms=0 3050ms=0 3100ms=0 3150ms=0 3200ms=0 3250ms=0 3300ms=0 3350ms=0 3400ms=0 3450ms=0 3500ms=0 3550ms=0 3600ms=0 3650ms=0 3700ms=0 3750ms=0 3800ms=0 3850ms=0 3900ms=0 3950ms=0 4000ms=0 4050ms=0 4100ms=0 4150ms=0 4200ms=0 4250ms=0 4300ms=0 4350ms=0 4400ms=0 4450ms=0 4500ms=0 4550ms=0 4600ms=0 4650ms=0 4700ms=0 4750ms=0 4800ms=0 4850ms=0 4900ms=0 4950ms=0
50th gpu percentile: 2ms
90th gpu percentile: 9ms
95th gpu percentile: 14ms
99th gpu percentile: 15ms
GPU HISTOGRAM: 1ms=0 2ms=838 3ms=218 4ms=40 5ms=18 6ms=26 7ms=64 8ms=34 9ms=8 10ms=10 11ms=12 12ms=10 13ms=10 14ms=24 15ms=52 16ms=4 17ms=6 18ms=2 19ms=0 20ms=0 21ms=0 22ms=0 23ms=0 24ms=0 25ms=0 4950ms=0


RenderLite trim renderNode error: 0

---PROFILEDATA---
Flags,FrameTimelineVsyncId,IntendedVsync,Vsync,InputEventId,HandleInputStart,AnimationStart,PerformTraversalsStart,DrawStart,FrameDeadline,FrameStartTime,FrameInterval,WorkloadTarget,SyncQueued,SyncStart,IssueDrawCommandsStart,SwapBuffers,FrameCompleted,DequeueBufferDuration,QueueBufferDuration,GpuCompleted,SwapBuffersCompleted,DisplayPresentTime,CommandSubmissionCompleted,
32,153151071,286312115300939,286312115300939,0,286312116344528,286312116345101,286312118415986,286312118535517,286315914078755,286312116295934,8318912,13666666,286312119862601,286312119904163,286312119999267,286312120826403,286312123070934,6406,195625,286312123070934,286312121074372,0,286312120826403,
32,153151079,286312123619853,286312123619853,0,286312123991663,286312123992080,286312124251038,286312124275986,286315930716579,286312123975622,8318912,13666666,286312124453486,286312124510517,286312124596142,286312125392861,286312126939580,5052,125833,286312126939580,286312125578278,0,286312125392861,
32,153151087,286312131938762,286312131938762,0,286312132185778,286312132186403,286312132341403,286312132366194,286315947354403,286312132172549,8318912,13666666,286312132484788,286312132542340,286312132648122,286312133462965,286312135549840,6198,179688,286312135549840,286312133699997,0,286312133462965,
32,153151095,286312140257674,286312140257674,0,286312140869892,286312140870726,286312141120569,286312141158642,286315963992227,286312140847236,8318912,13666666,286312141327497,286312141364372,286312141431247,286312142443851,286312144071403,7343,149791,286312144071403,286312142647809,0,286312142443851,
32,153151103,286312148576575,286312148576575,0,286312148837444,286312148838330,286312149386455,286312149422392,286315980630050,286312148817653,8318911,13666666,286312149511767,286312149554997,286312149627288,286312150406715,286312152549528,5520,139323,286312152549528,286312150593017,0,286312150406715,
32,153151111,286312156895486,286312156895486,0,286312157410882,286312157411819,286312158004059,286312158044424,286315997267872,286312157387132,8318911,13666666,286312158065257,286312158118382,286312158191976,286312159108694,286312160805101,7291,169480,286312160805101,286312159345830,0,286312159108694,
32,153151119,286312165214410,286312165214410,0,286312165722444,286312165723538,286312166062809,286312166103122,286316013905695,286312165698434,8318912,13666666,286312166434372,286312166501247,286312166609424,286312168039267,286312169656767,9375,219479,286312169656767,286312168325465,0,286312168039267,
32,153151134,286312173533324,286312173533324,0,286312174011976,286312174012601,286312174239476,286312174276663,286316030543519,286312173994892,8318912,13666666,286312174476976,286312174519319,286312174620622,286312175514684,286312177142861,7083,157760,286312177142861,286312175730361,0,286312175514684,
32,153151149,286312181852238,286312181852238,0,286312182344372,286312182344997,286312182960778,286312182991872,286316047181343,286312182326559,8318912,13666666,286312183532236,286312183592340,286312183668747,286312184606715,286312186257340,7708,168698,286312186257340,286312184836559,0,286312184606715,
32,153151164,286312190171164,286312190171164,0,286312190514684,286312190515101,286312190692236,286312190717392,286316063819168,286312190499163,8318913,13666666,286312190882861,286312190912444,286312190966872,286312191569892,286312193024580,5209,107240,286312193024580,286312191716455,0,286312191569892,
32,153151179,286312198490061,286312198490061,0,286312198895569,286312198896194,286312199279840,286312199335569,286316080456992,286312198876611,8318911,13666666,286312199410726,286312199452497,286312199525986,286312200450830,286312202543069,6771,141458,286312202543069,286312200640101,0,286312200450830,
32,153151187,286312206808960,286312206808960,0,286312207131767,286312207132340,286312207588278,286312207614528,286316097094814,286312207114059,8318911,13666666,286312207631507,286312207697132,286312207756142,286312208560622,286312210067705,5364,156614,286312210067705,286312208770622,0,286312208560622,
32,153151195,286312215127871,286312215127871,0,286312215475674,286312215476299,286312215713538,286312215736507,286316113732636,286312215460465,8318911,13666666,286312215885205,286312215921767,286312215979892,286312216810778,286312218282236,5729,150521,286312218282236,286312217015413,0,286312216810778,
32,153151203,286312223446766,286312223446766,0,286312223782288,286312223782861,286312223982705,286312224055778,286316130370457,286312223766351,8318910,13666666,286312224235986,286312224273434,286312224331403,286312225043538,286312226658434,5781,136927,286312226658434,286312225231559,0,286312225043538,
32,153151211,286312231765677,286312231765677,0,286312232036976,286312232037653,286312232381559,286312232411611,286316147008278,286312232021715,8318911,13666666,286312232573538,286312232609163,286312232687340,286312233369944,286312234970049,6562,139219,286312234970049,286312233558590,0,286312233369944,
32,153151219,286312240084600,286312240084600,0,286312240598747,286312240599736,286312240868017,286312240906351,286316163646100,286312240577392,8318911,13666666,286312241116247,286312241197601,286312241281924,286312242390830,286312244033434,7708,196093,286312244033434,286312242662236,0,286312242390830,
32,153151227,286312248403514,286312248403514,0,286312248744632,286312248745517,286312248947653,286312248974424,286316180283922,286312248729528,8318911,13666666,286312249126924,286312249156819,286312249217601,286312249925517,286312251599997,6302,143750,286312251599997,286312250120205,0,286312249925517,
32,153151235,286312256722428,286312256722428,0,286312257018330,286312257018955,286312257225569,286312257253747,286316196921743,286312257003017,8318910,13666666,286312257405361,286312257431872,286312257497132,286312258213851,286312259680674,6823,137240,286312259680674,286312258404111,0,286312258213851,
32,153151243,286312265041326,286312265041326,0,286312265391507,286312265392080,286312265896559,286312265922340,286316213559563,286312265375257,8318910,13666666,286312266442028,286312266482497,286312266554528,286312267264424,286312269335465,6979,136146,286312269335465,286312267453330,0,286312267264424,
32,153151251,286312273360235,286312273360235,0,286312273648486,286312273649111,286312274019840,286312274045049,286316230197383,286312273632497,8318910,13666666,286312274118747,286312274176299,286312274244892,286312275003903,286312276609528,6823,155625,286312276609528,286312275211403,0,286312275003903,
32,153151259,286312281679143,286312281679143,0,286312282062236,286312282062913,286312282296038,286312282322549,286316246835204,286312282046142,8318911,13666666,286312282469580,286312282495569,286312282553747,286312283363278,286312284993434,6250,138646,286312284993434,286312283553955,0,286312283363278,
32,153151267,286312289998072,286312289998072,0,286312290282653,286312290283382,286312290602392,286312290636976,286316263473026,286312290265153,8318911,13666666,286312290809580,286312290863069,286312290934424,286312291730309,286312293552965,10625,158385,286312293552965,286312291943382,0,286312291730309,
32,153151275,286312298316986,286312298316986,0,286312298603069,286312298603851,286312298854059,286312298886142,286316280110848,286312298587653,8318911,13666666,286312299048226,286312299089476,286312299153069,286312299942705,286312301627184,5573,163177,286312301627184,286312300156924,0,286312299942705,
32,153151283,286312306635900,286312306635900,0,286312306921247,286312306921715,286312307206142,286312307235517,286316296748670,286312306908069,8318911,13666666,286312307384684,286312307429111,286312307494788,286312308358069,286312310206455,8385,171719,286312310206455,286312308580622,0,286312308358069,
32,153151291,286312314954811,286312314954811,0,286312315226246,286312315226924,286312315429267,286312315516871,286316313386492,286312315212132,8318911,13666666,286312315708382,286312315751142,286312315819840,286312316576871,286312318317496,6302,144584,286312318317496,286312316774528,0,286312316576871,
32,153151299,286312323273723,286312323273723,0,286312323506559,286312323507288,286312323977288,286312324085309,286316330024314,286312323493538,8318911,13666666,286312324357549,286312324422965,286312324516403,286312325415569,286312327657601,8854,178177,286312327657601,286312325654215,125780153691231,286312325415569,
32,153151307,286312331592631,286312331592631,0,286312332093069,286312332094163,286312333275517,286312333382549,286316346662136,286312332075934,8318911,13666666,286312333787340,286312333846299,286312333979319,286312337168226,286312338760153,8073,247136,286312338760153,286312337575882,7309464732524569964,286312337168226,
32,153151315,286312339911556,286312339911556,0,286312340446403,286312340447028,286312340598017,286312340611611,286316363299959,286312340420153,8318912,13666666,286312340718434,286312340836819,286312341082392,286312342350049,286312344030049,12188,227083,286312344030049,286312342667340,8100961328684823647,286312342350049,
32,153151323,286312348230462,286312348230462,0,286312348808642,286312348809528,286312349072601,286312349112028,286316379937783,286312348785205,8318912,13666666,286312349344424,286312349386715,286312349465674,286312350241299,286312352521611,8281,141250,286312352521611,286312350432913,7809911830588908916,286312350241299,
32,153151331,286312356549361,286312356549361,0,286312356925049,286312356925830,286312357709632,286312357740257,286316396575606,286312356906559,8318911,13666666,286312358375726,286312358416611,286312358489788,286312359113694,286312360938121,5782,160261,286312360938121,286312359314476,7306085877491393385,286312359113694,
32,153151339,286312364868272,286312364868272,0,286312365234840,286312365235830,286312365471142,286312365513278,286316413213428,286312365217028,8318911,13666666,286312365731819,286312365830465,286312365898226,286312366579476,286312368244319,6666,138334,286312368244319,286312366771351,8097316434837661042,286312366579476,
32,153151347,286312373187186,286312373187186,0,286312373406924,286312373407236,286312373568226,286312373594476,286316429851250,286312373392080,8318911,13666666,286312373712965,286312373745413,286312373798694,286312374354059,286312375777028,5886,114688,286312375777028,286312374501507,0,286312374354059,
32,153151355,286312381506088,286312381506088,0,286312381899788,286312381900830,286312382288017,286312382321663,286316446489071,286312381875049,8318910,13666666,286312382484996,286312382521403,286312382590986,286312383515882,286312385253069,6407,137136,286312385253069,286312383696767,0,286312383515882,
32,153151363,286312389824998,286312389824998,0,286312390305205,286312390305934,286312390598121,286312390633590,286316463126891,286312390285153,8318910,13666666,286312390815465,286312390871611,286312390945309,286312391720309,286312393465934,9166,176615,286312393465934,286312391954632,0,286312391720309,
32,153151371,286312398143909,286312398143909,0,286312398487913,286312398488746,286312398796611,286312398831090,286316479764711,286312398466611,8318910,13666666,286312399008955,286312399097861,286312399164996,286312399994892,286312401560257,7864,153959,286312401560257,286312400229163,0,286312399994892,
32,153151379,286312406462821,286312406462821,0,286312406714111,286312406714580,286312406901611,286312406930569,286316496402531,286312406699476,8318910,13666666,286312407084632,286312407130778,286312407204319,286312408193538,286312409873851,6979,158385,286312409873851,286312408449788,0,286312408193538,
32,153151387,286312414781746,286312414781746,0,286312415077496,286312415078174,286312415398538,286312415441767,286316513040352,286312415063226,8318911,13666666,286312415629580,286312415675361,286312415748955,286312416601455,286312418327392,6823,145312,286312418327392,286312416802496,0,286312416601455,
32,153151395,286312423100655,286312423100655,0,286312423537861,286312423538694,286312423750465,286312423786611,286316529678173,286312423514840,8318910,13666666,286312423966246,286312423997028,286312424119059,286312424874840,286312426572496,8073,154948,286312426572496,286312425086090,0,286312424874840,
32,153151403,286312431419552,286312431419552,0,286312431813746,286312431814424,286312432046403,286312432089736,286316546315993,286312431797132,8318910,13666666,286312432278955,286312432322184,286312432394007,286312433159007,286312435064007,7083,151614,286312435064007,286312433364580,0,286312433159007,
32,153151411,286312439738467,286312439738467,0,286312440123069,286312440123694,286312440331559,286312440365153,286316562953814,286312440107549,8318911,13666666,286312440537184,286312440585778,286312440664267,286312441398121,286312443092965,5989,137031,286312443092965,286312441584111,0,286312441398121,
32,153151419,286312448057397,286312448057397,0,286312448422028,286312448422809,286312448927653,286312448964476,286316579591636,286312448400986,8318911,13666666,286312449063642,286312449111194,286312449190778,286312449985049,286312451714736,6563,152604,286312451714736,286312450190882,0,286312449985049,
32,153151427,286312456376319,286312456376319,0,286312456732861,286312456733538,286312457162132,286312457189424,286316596229459,286312456717653,8318912,13666666,286312457205778,286312457250674,286312457311351,286312458035778,286312459745205,6093,144062,286312459745205,286312458234267,0,286312458035778,
32,153151435,286312464695233,286312464695233,0,286312465131403,286312465132028,286312465386142,286312465442757,286316612867284,286312465113486,8318913,13666666,286312465604319,286312465635986,286312465699007,286312466426351,286312468168851,7344,146875,286312468168851,286312466623694,0,286312466426351,
32,153151443,286312473014156,286312473014156,0,286312473364059,286312473364788,286312473629684,286312473665153,286316629505110,286312473349528,8318913,13666666,286312473833382,286312473883590,286312473947132,286312474678486,286312476242496,6979,211927,286312476242496,286312474940569,0,286312474678486,
32,153151451,286312481333067,286312481333067,0,286312481894944,286312481895517,286312482115726,286312482146246,286316646142936,286312481840621,8318913,13666666,286312482295934,286312482324215,286312482389163,286312483225465,286312484852236,7553,148385,286312484852236,286312483429632,0,286312483225465,
32,153151459,286312489651965,286312489651965,0,286312490089371,286312490090621,286312490336090,286312490367705,286316662780762,286312490071924,8318913,13666666,286312490536767,286312490619788,286312490691507,286312491478486,286312493219684,9271,152500,286312493219684,286312491719944,0,286312491478486,
32,153151467,286312497970893,286312497970893,0,286312498287549,286312498288278,286312498621142,286312498659788,286316679418588,286312498270882,8318913,13666666,286312498835726,286312498864371,286312498929319,286312499725361,286312501493746,5989,173750,286312501493746,286312499982132,0,286312499725361,
32,153151475,286312506289802,286312506289802,0,286312506606767,286312506607288,286312506896507,286312506934424,286316696056414,286312506591299,8318913,13666666,286312507113851,286312507165726,286312507235726,286312507989528,286312509664944,7709,151458,286312509664944,286312508216194,0,286312507989528,
32,153151483,286312514608716,286312514608716,0,286312515030361,286312515031038,286312516207392,286312516307549,286316712694240,286312515010361,8318913,13666666,286312517401455,286312517474215,286312517561871,286312518469476,286312520816924,7344,183802,286312520816924,286312518716142,0,286312518469476,
32,153151491,286312522927632,286312522927632,0,286312524107236,286312524108955,286312524625726,286312524694892,286316729332066,286312524059736,8318913,13666666,286312525054215,286312525110049,286312525274788,286312526069476,286312527711871,5885,213282,286312527711871,286312526335569,0,286312526069476,
32,153151499,286312531246532,286312531246532,0,286312532506871,286312532507444,286312533299528,286312533340986,286316745969891,286312532483330,8318912,13666666,286312533571663,286312533642705,286312533711559,286312534550882,286312536521507,9375,225104,286312536521507,286312534840361,0,286312534550882,
32,153151507,286312539565444,286312539565444,0,286312540151090,286312540151976,286312540336403,286312540360257,286316762607716,286312540136194,8318913,13666666,286312540507392,286312540555205,286312540650778,286312541250413,286312543082236,5261,99896,286312543082236,286312541386767,0,286312541250413,
32,153151515,286312547884372,286312547884372,0,286312548255361,286312548256090,286312548506611,286312548600569,286316779245542,286312548232080,8318913,13666666,286312548776090,286312548852236,286312548911351,286312549835830,286312551840309,8906,136354,286312551840309,286312550020153,0,286312549835830,
32,153151523,286312556203285,286312556203285,0,286312556572028,286312556572705,286312556822653,286312556859788,286316795883368,286312556554528,8318913,13666666,286312557061351,286312557152444,286312557229996,286312558043642,286312559887496,7396,155208,286312559887496,286312558252236,0,286312558043642,
32,153151531,286312564522181,286312564522181,0,286312565133694,286312565134476,286312565414840,286312565457132,286316812521193,286312565112965,8318912,13666666,286312565670309,286312565721507,286312565808382,286312566568538,286312568492392,7500,149739,286312568492392,286312566770673,0,286312566568538,
32,153151539,286312572841079,286312572841079,0,286312573221871,286312573222601,286312573769892,286312573814632,286316829159016,286312573204059,8318911,13666666,286312574013486,286312574066767,286312574147861,286312574936403,286312576774319,9323,156198,286312576774319,286312575146194,0,286312574936403,
32,153151547,286312581159988,286312581159988,0,286312581885830,286312581886559,286312582204319,286312582264423,286316845796838,286312581864944,8318911,13666666,286312582532132,286312582578903,286312582672444,286312583537444,286312585408851,10573,269062,286312585408851,286312583866403,0,286312583537444,
32,153151555,286312589478886,286312589478886,0,286312589826507,286312589827080,286312590033538,286312590065361,286316862434659,286312589809476,8318910,13666666,286312590231559,286312590316715,286312590433590,286312591696923,286312593461767,12552,244948,286312593461767,286312592062080,0,286312591696923,
32,153151563,286312597797787,286312597797787,0,286312598228382,286312598229111,286312598830778,286312598883121,286316879072478,286312598211455,8318909,13666666,286312598990101,286312599083798,286312599299423,286312600328538,286312602196923,11979,172812,286312602196923,286312600601403,0,286312600328538,
32,153151571,286312606116695,286312606116695,0,286312606522757,286312606523434,286312606927548,286312606952496,286316895710296,286312606503486,8318909,13666666,286312606965205,286312607052080,286312607126663,286312607951976,286312609688955,7657,173021,286312609688955,286312608182913,0,286312607951976,
32,153151579,286312614435620,286312614435620,0,286312615221611,286312615222132,286312615453746,286312615488851,286316912348115,286312615204319,8318910,13666666,286312615669840,286312615722132,286312615801611,286312616635309,286312618596715,8646,155052,286312618596715,286312616844319,0,286312616635309,
32,153151587,286312622754531,286312622754531,0,286312623258486,286312623259111,286312623456767,286312623487236,286316928985935,286312623243538,8318910,13666666,286312623668382,286312623718798,286312623791559,286312624570673,286312626436090,7916,163698,286312626436090,286312624791611,0,286312624570673,
32,153151595,286312631073454,286312631073454,0,286312631427392,286312631428173,286312631666923,286312631697861,286316945623756,286312631410621,8318911,13666666,286312631943746,286312631978798,286312632146507,286312632819944,286312634572132,6719,200781,286312634572132,286312633074371,0,286312632819944,
32,153151603,286312639392366,286312639392366,0,286312639657028,286312639657601,286312640109111,286312640142236,286316962261578,286312639641767,8318911,13666666,286312640360101,286312640429944,286312640537705,286312641423798,286312643298486,8855,183854,286312643298486,286312641666819,0,286312641423798,
32,153151611,286312647711365,286312647711365,0,286312648193746,286312648194319,286312648474059,286312648512913,286316978899405,286312648177236,8318916,13666666,286312648779944,286312648892236,286312648960205,286312649880986,286312651850778,7031,191615,286312651850778,286312650126559,0,286312649880986,
32,153151619,286312656030264,286312656030264,0,286312656661663,286312656662444,286312657031038,286312657057705,286316995537236,286312656645673,8318915,13666666,286312657233173,286312657311871,286312657542340,286312658294632,286312660119371,7709,140260,286312660119371,286312658538121,0,286312658294632,
32,153151627,286312664349158,286312664349158,0,286312665144319,286312665144892,286312665469996,286312665511090,286317012175065,286312665123642,8318914,13666666,286312665712340,286312665761038,286312665833642,286312666615361,286312668537132,9531,199271,286312668537132,286312666875205,0,286312666615361,
32,153151635,286312672668059,286312672668059,0,286312673071507,286312673072288,286312673297288,286312673332184,286317028812892,286312673053851,8318913,13666666,286312673512861,286312673539892,286312673620778,286312674376767,286312675953538,6459,131875,286312675953538,286312674556142,0,286312674376767,
32,153151643,286312680986971,286312680986971,0,286312681333694,286312681334423,286312681564423,286312681596194,286317045450718,286312681316507,8318913,13666666,286312681822132,286312681836142,286312681909267,286312682575673,286312684225726,8021,180313,286312684225726,286312682810569,0,286312682575673,
32,153151651,286312689305893,286312689305893,0,286312690206194,286312690206767,286312690436455,286312690465361,286317062088545,286312690189996,8318914,13666666,286312690657236,286312690824684,286312690940465,286312691974059,286312693939632,9948,310729,286312693939632,286312692401298,0,286312691974059,
32,153151659,286312697624807,286312697624807,0,286312698044840,286312698045569,286312698461351,286312698513330,286317078726373,286312698027809,8318914,13666666,286312698744215,286312698804059,286312698905309,286312699729059,286312701198226,10053,150833,286312701198226,286312699935361,0,286312699729059,
32,153151667,286312705943716,286312705943716,0,286312706205257,286312706205934,286312706842809,286312706872496,286317095364201,286312706190101,8318914,13666666,286312707515048,286312707600882,286312707679423,286312708554788,286312710446090,8750,157396,286312710446090,286312708772392,0,286312708554788,
32,153151675,286312714262630,286312714262630,0,286312714580986,286312714581923,286312714790569,286312714822184,286317112002029,286312714563017,8318914,13666666,286312715008486,286312715051819,286312715121351,286312715946038,286312717715153,6302,184531,286312717715153,286312716187496,0,286312715946038,
32,153151683,286312722581528,286312722581528,0,286312722884684,286312722885361,286312723087913,286312723115517,286317128639855,286312722869528,8318912,13666666,286312723265361,286312723310934,286312723376871,286312724169840,286312725916767,6562,140260,286312725916767,286312724363903,0,286312724169840,
32,153151691,286312730900413,286312730900413,0,286312731201923,286312731202861,286312731407548,286312731436142,286317145277678,286312731185673,8318911,13666666,286312731590205,286312731617132,286312731693590,286312732477496,286312734173173,7083,147969,286312734173173,286312732677653,0,286312732477496,
32,153151699,286312739219324,286312739219324,0,286312739510309,286312739511090,286312739705361,286312739734319,286317161915500,286312739495621,8318911,13666666,286312739900621,286312739948226,286312740046090,286312740816194,286312742510726,8281,145520,286312742510726,286312741012653,0,286312740816194,
32,153151707,286312747538224,286312747538224,0,286312747952184,286312747952965,286312748188955,286312748219944,286317178553321,286312747936611,8318910,13666666,286312748379267,286312748423903,286312748489632,286312749371194,286312751315048,6615,186770,286312751315048,286312749630048,0,286312749371194,
32,153151715,286312755857141,286312755857141,0,286312756356455,286312756357757,286312756655048,286312756698434,286317195191141,286312756334371,8318910,13666666,286312756991871,286312757065934,286312757166194,286312758623694,286312760643590,9271,274792,286312760643590,286312758965934,0,286312758623694,
32,153151723,286312764176052,286312764176052,0,286312764667705,286312764668330,286312764948278,286312764981455,286317211828961,286312764643225,8318910,13666666,286312765164371,286312765202080,286312765272340,286312765948746,286312767520205,5886,118229,286312767520205,286312766109840,0,286312765948746,
32,153151731,286312772494939,286312772494939,0,286312772911559,286312772912184,286312773608798,286312773641038,286317228466779,286312772895778,8318908,13666666,286312773737496,286312773795413,286312773879736,286312774660725,286312776372809,6771,155886,286312776372809,286312774872444,0,286312774660725,
32,153151739,286312780813865,286312780813865,0,286312781091246,286312781091819,286312781529319,286312781554423,286317245104596,286312781075517,8318909,13666666,286312781569788,286312781598590,286312781654163,286312782366871,286312783955153,6302,148229,286312783955153,286312782568382,0,286312782366871,
32,153151747,286312789132779,286312789132779,0,286312789465100,286312789465830,286312789692444,286312789716038,286317261742414,286312789447028,8318909,13666666,286312789877653,286312789893903,286312789964423,286312790654840,286312792176194,5209,149740,286312792176194,286312790851767,7306934700536131427,286312790654840,
32,153151755,286312797451670,286312797451670,0,286312797863850,286312797864684,286312798085153,286312798115361,286317278380230,286312797843746,8318907,13666666,286312798282913,286312798346455,286312798406194,286312799199163,286312801931663,7448,166511,286312801931663,286312799423798,8318823021040067423,286312799199163,
32,153151763,286312805770577,286312805770577,0,286312806272757,286312806273538,286312806499007,286312806530882,286317295018050,286312806256455,8318913,13666666,286312806698017,286312806742392,286312806806975,286312807510309,286312809282548,6563,135417,286312809282548,286312807693694,6874028453762003572,286312807510309,
32,153151771,286312814089552,286312814089552,0,286312814467653,286312814468486,286312814772392,286312814806350,286317311655876,286312814448903,8318913,13666666,286312814973590,286312815013382,286312815087965,286312815900830,286312817691559,5677,165781,286312817691559,286312816118434,7956012745154194530,286312815900830,
32,153151779,286312822408466,286312822408466,0,286312822912028,286312822912548,286312823146246,286312823176298,286317328293702,286312822894840,8318913,13666666,286312823340934,286312823399475,286312823468225,286312824223330,286312825984111,7239,149583,286312825984111,286312824427288,7307502065682249069,286312824223330,
32,153151787,286312830727382,286312830727382,0,286312831120882,286312831121455,286312831347340,286312831380361,286317344931528,286312831102600,8318913,13666666,286312831547184,286312831592288,286312831660413,286312832451923,286312834161767,6771,150261,286312834161767,286312832656350,8169381708511007304,286312832451923,
32,153151795,286312839046280,286312839046280,0,286312839657600,286312839659111,286312840161559,286312840231350,286317361569353,286312839617028,8318912,13666666,286312840532600,286312840569840,286312840664423,286312841370257,286312843084267,5990,147864,286312843084267,286312841570257,8097283393133169494,286312841370257,
32,153151803,286312847365208,286312847365208,0,286312848069892,286312848070621,286312848453903,286312848494423,286317378207178,286312848051975,8318913,13666666,286312848669059,286312848713642,286312848842444,286312849702184,286312851438382,7240,184375,286312851438382,286312849939423,5431142508371378177,286312849702184,
32,153151811,286312855684122,286312855684122,0,286312855916559,286312855917028,286312856157288,286312856260413,286317394845004,286312855900205,8318913,13666666,286312856458017,286312856496038,286312856549267,286312857258278,286312859591298,5469,104115,286312859591298,286312857402861,8589934592,286312857258278,
32,153151819,286312864003035,286312864003035,0,286312864648069,286312864648694,286312864834215,286312864858069,286317411482831,286312864633382,8318914,13666666,286312865006975,286312865045673,286312865159528,286312865843955,286312867583538,7656,121875,286312867583538,286312866011298,0,286312865843955,
32,153151827,286312872321955,286312872321955,0,286312872663590,286312872664475,286312872987705,286312873040309,286317428120659,286312872643538,8318914,13666666,286312873254475,286312873286142,286312873353955,286312874109267,286312875817913,6615,138073,286312875817913,286312874300100,0,286312874109267,
32,153151835,286312880640869,286312880640869,0,286312881169580,286312881170205,286312881355465,286312881379319,286317444758486,286312881154892,8318913,13666666,286312881521142,286312881573955,286312881674059,286312882450153,286312884187965,7343,141562,286312884187965,286312882645413,0,286312882450153,
32,153151843,286312888959770,286312888959770,0,286312889304736,286312889305413,286312889630100,286312889678382,286317461396312,286312889285361,8318913,13666666,286312889891611,286312889934580,286312890012444,286312890729319,286312892425673,7656,166719,286312892425673,286312890949059,0,286312890729319,
32,153151851,286312897278670,286312897278670,0,286312897721975,286312897723017,286312898227653,286312898275673,286317478034137,286312897703955,8318912,13666666,286312898519163,286312898579007,286312898681455,286312899623590,286312901366298,9792,242500,286312901366298,286312899934163,0,286312899623590,
32,153151859,286312905597571,286312905597571,0,286312905899371,286312905900048,286312906159267,286312906193382,286317494671960,286312905883121,8318911,13666666,286312906384111,286312906423278,286312906502236,286312907156194,286312908790830,7969,140312,286312908790830,286312907346038,0,286312907156194,
32,153151867,286312913916483,286312913916483,0,286312914262861,286312914263538,286312914509632,286312914542861,286317511309782,286312914244632,8318911,13666666,286312914725048,286312914770621,286312914837340,286312915570569,286312917167809,6458,133854,286312917167809,286312915755986,0,286312915570569,
32,153151875,286312922235375,286312922235375,0,286312922575986,286312922576663,286312922789319,286312922820048,286317527947604,286312922560778,8318911,13666666,286312922981715,286312923011923,286312923093434,286312923806350,286312925509059,6980,143802,286312925509059,286312924054371,0,286312923806350,
32,153151883,286312930554303,286312930554303,0,286312930958798,286312930959944,286312931198590,286312931234528,286317544585426,286312930861090,8318911,13666666,286312931408121,286312931452392,286312931519163,286312932286611,286312934002132,6510,145469,286312934002132,286312932486663,0,286312932286611,
32,153151891,286312938873201,286312938873201,0,286312939351246,286312939351975,286312939569684,286312939603746,286317561223247,286312939333225,8318910,13666666,286312939773694,286312939869580,286312939930517,286312940721663,286312942456923,6979,223333,286312942456923,286312940995673,0,286312940721663,
32,153151899,286312947192112,286312947192112,0,286312947678590,286312947679632,286312947900309,286312947933278,286317577861068,286312947661142,8318911,13666666,286312948124528,286312948192705,286312948246350,286312949026194,286312950716090,7552,216666,286312950716090,286312949297288,0,286312949026194,
32,153151907,286312955511038,286312955511038,0,286312956305048,286312956305934,286312956601350,286312956641507,286317594498889,286312956282653,8318910,13666666,286312956828642,286312956964840,286312957068017,286312957918903,286312960161455,6406,236875,286312960161455,286312958210673,0,286312957918903,
32,153151915,286312963829935,286312963829935,0,286312964271559,286312964272392,286312964574840,286312964627236,286317611136709,286312964254944,8318910,13666666,286312964845257,286312965020413,286312965116142,286312965798642,286312967513330,7083,129115,286312967513330,286312965974059,0,286312965798642,
32,153151923,286312972148831,286312972148831,0,286312972528173,286312972529684,286312972778746,286312972960569,286317627774528,286312972504267,8318909,13666666,286312973167861,286312973211402,286312973279996,286312974026246,286312975749944,7812,156667,286312975749944,286312974232600,0,286312974026246,
32,153151931,286312980467740,286312980467740,0,286312980855830,286312980857132,286312981179892,286312981216507,286317644412347,286312980833902,8318910,13666666,286312981392027,286312981420830,286312981476455,286312982188902,286312983963694,5365,138385,286312983963694,286312982378694,0,286312982188902,
32,153151939,286312988786669,286312988786669,0,286312989278642,286312989279632,286312989555725,286312989595517,286317661050167,286312989256194,8318910,13666666,286312989819527,286312989903017,286312989994944,286312990984996,286312992776715,9792,194531,286312992776715,286312991251819,0,286312990984996,
32,153151947,286312997105576,286312997105576,0,286312997654527,286312997655413,286312997954267,286312997987809,286317677687987,286312997632913,8318910,13666666,286312998252548,286312998298590,286312998404632,286312999361923,286313005760934,8750,250000,286313005760934,286312999667392,0,286312999361923,
32,153151955,286313005424490,286313005424490,0,286313006689475,286313006690361,286313007534111,286313007573850,286317694325807,286313006666194,8318910,13666666,286313007796350,286313007887027,286313007954059,286313008921923,286313010826767,11094,280521,286313010826767,286313009365309,0,286313008921923,
32,153151963,286313013743410,286313013743410,0,286313013990048,286313013990621,286313014183850,286313014214267,286317710963628,286313013972548,8318911,13666666,286313014376767,286313014406246,286313014469788,286313015130517,286313016793538,5781,132709,286313016793538,286313015310934,0,286313015130517,
32,153151971,286313022062321,286313022062321,0,286313022405777,286313022406819,286313022875777,286313022907080,286317727601450,286313022390205,8318911,13666666,286313022922809,286313022959319,286313023016194,286313023673486,286313025318798,6094,122448,286313025318798,286313023842652,0,286313023673486,
32,153151979,286313030381235,286313030381235,0,286313030845934,286313030846871,286313031640100,286313031670361,286317744239272,286313030825361,8318911,13666666,286313032494527,286313032551611,286313032630205,286313033622236,286313034881038,9948,192917,286313034881038,286313033885830,0,286313033622236,
32,153151987,286313038700147,286313038700147,0,286313038946611,286313038947340,286313039169423,286313039200257,286317760877094,286313038930100,8318911,13666666,286313039380934,286313039439944,286313039501923,286313040417444,286313041889996,5052,143229,286313041889996,286313040637080,0,286313040417444,
32,153151995,286313047019056,286313047019056,0,286313047266611,286313047267236,286313047454788,286313047483382,286317777514916,286313047249944,8318911,13666666,286313047634527,286313047671559,286313047724944,286313048444111,286313050091767,5833,121562,286313050091767,286313048613486,0,286313048444111,
32,153152003,286313055337967,286313055337967,0,286313055721455,286313055722444,286313055956715,286313055992392,286317794152738,286313055701350,8318911,13666666,286313056233850,286313056291715,286313056367548,286313057333694,286313058991923,7344,184531,286313058991923,286313057589475,0,286313057333694,
32,153152011,286313063656879,286313063656879,0,286313064076871,286313064077548,286313064357132,286313064388902,286317810790560,286313064059892,8318911,13666666,286313064585257,286313064642861,286313064729840,286313065476194,286313067144371,7604,150260,286313067144371,286313065680309,0,286313065476194,
32,153152019,286313071975805,286313071975805,0,286313072378434,286313072379163,286313072580309,286313072609267,286317827428383,286313072360205,8318912,13666666,286313072760100,286313072797965,286313072854580,286313073589059,286313075334267,5886,170885,286313075334267,286313073812340,0,286313073589059,
32,153152027,286313080294717,286313080294717,0,286313080825517,286313080826350,286313081084267,286313081118330,286317844066207,286313080807288,8318912,13666666,286313081300934,286313081361194,286313081432340,286313082218798,286313083896871,6146,152552,286313083896871,286313082427184,0,286313082218798,
32,153152035,286313088613634,286313088613634,0,286313088940517,286313088941559,286313089176611,286313089210100,286317860704031,286313088922080,8318912,13666666,286313089391402,286313089442705,286313089517705,286313090515934,286313091908277,8281,201407,286313091908277,286313090779996,0,286313090515934,
32,153152051,286313105251472,286313105251472,0,286313106879788,286313106880673,286313107482288,286313107537600,286317877341856,286313106838173,8318913,13666666,286313107866246,286313107966142,286313108128642,286313109406350,286313113894840,12865,227708,286313113894840,286313109713277,0,286313109406350,
40,153152059,286313113570388,286313113570388,0,286313113886559,286313113887340,286313114116715,286313114144736,286313127237054,286313113852913,8318913,13666666,286313114158330,286313114209059,286312109469319,286312110684476,286312115419632,15573,192292,286312115419632,286312110956403,0,286312110684476,
---PROFILEDATA---


View hierarchy:

  com.chasel.ng2.n/com.chasel.ng2n.MainActivity/android.view.ViewRootImpl@f99ef86
  12 views, 22.77 kB of render nodes


  Dynamic VRI BBQ Log.  render_draw: false  hdr_dimmer: false  blur_blend: false  hwui_window_decor: false  sync_barrier: false

Total ViewRootImpl   : 1
Total attached Views : 12
Total RenderNode     : 22.77 kB (used) / 46.77 kB (capacity)

