Applications Graphics Acceleration Info:
Uptime: 286392787 Realtime: 769532262

** Graphics info for pid 8490 [com.chasel.ng2.n] **

Stats since: 286373496325390ns
Total frames rendered: 1546
Janky frames: 1 (0.06%)
Janky frames (legacy): 18 (1.16%)
50th percentile: 5ms
90th percentile: 11ms
95th percentile: 12ms
99th percentile: 13ms
Number Missed Vsync: 0
Number High input latency: 2980
Number Slow UI thread: 1
Number Slow bitmap uploads: 0
Number Slow issue draw commands: 1
Number Frame deadline missed: 1
Number Frame deadline missed (legacy): 0
HISTOGRAM: 5ms=930 6ms=34 7ms=16 8ms=84 9ms=256 10ms=48 11ms=54 12ms=76 13ms=36 14ms=8 15ms=4 16ms=0 17ms=0 18ms=0 19ms=0 20ms=0 21ms=0 22ms=0 23ms=0 24ms=0 25ms=0 26ms=0 27ms=0 28ms=0 29ms=0 30ms=0 31ms=0 32ms=0 34ms=0 36ms=0 38ms=0 40ms=0 42ms=0 44ms=0 46ms=0 48ms=0 53ms=0 57ms=0 61ms=0 65ms=0 69ms=0 73ms=0 77ms=0 81ms=0 85ms=0 89ms=0 93ms=0 97ms=0 101ms=0 105ms=0 109ms=0 113ms=0 117ms=0 121ms=0 125ms=0 129ms=0 133ms=0 150ms=0 200ms=0 250ms=0 300ms=0 350ms=0 400ms=0 450ms=0 500ms=0 550ms=0 600ms=0 650ms=0 700ms=0 750ms=0 800ms=0 850ms=0 900ms=0 950ms=0 1000ms=0 1050ms=0 1100ms=0 1150ms=0 1200ms=0 1250ms=0 1300ms=0 1350ms=0 1400ms=0 1450ms=0 1500ms=0 1550ms=0 1600ms=0 1650ms=0 1700ms=0 1750ms=0 1800ms=0 1850ms=0 1900ms=0 1950ms=0 2000ms=0 2050ms=0 2100ms=0 2150ms=0 2200ms=0 2250ms=0 2300ms=0 2350ms=0 2400ms=0 2450ms=0 2500ms=0 2550ms=0 2600ms=0 2650ms=0 2700ms=0 2750ms=0 2800ms=0 2850ms=0 2900ms=0 2950ms=0 3000ms=0 3050ms=0 3100ms=0 3150ms=0 3200ms=0 3250ms=0 3300ms=0 3350ms=0 3400ms=0 3450ms=0 3500ms=0 3550ms=0 3600ms=0 3650ms=0 3700ms=0 3750ms=0 3800ms=0 3850ms=0 3900ms=0 3950ms=0 4000ms=0 4050ms=0 4100ms=0 4150ms=0 4200ms=0 4250ms=0 4300ms=0 4350ms=0 4400ms=0 4450ms=0 4500ms=0 4550ms=0 4600ms=0 4650ms=0 4700ms=0 4750ms=0 4800ms=0 4850ms=0 4900ms=0 4950ms=0
50th gpu percentile: 3ms
90th gpu percentile: 9ms
95th gpu percentile: 11ms
99th gpu percentile: 12ms
GPU HISTOGRAM: 1ms=0 2ms=660 3ms=250 4ms=58 5ms=40 6ms=44 7ms=146 8ms=174 9ms=32 10ms=46 11ms=78 12ms=16 13ms=0 14ms=2 15ms=0 16ms=0 17ms=0 18ms=0 19ms=0 20ms=0 21ms=0 22ms=0 23ms=0 24ms=0 25ms=0 4950ms=0

Pipeline=Skia (Vulkan)
Memory policy:
  Max surface area: 3240320
  Max resource usage: 466.61MB (x48)
  Background retention: 50% (altUiHidden = true)
  GPU Context timeout: 10
Contexts: 1 (stopped = 0)
CPU Caches:
  Glyph Cache: 11.89 MB (1 entry)
  Glyph Count: 390 
Total CPU memory usage:
  12466173 bytes, 11.89 MB (0.00 bytes is purgeable)
GPU Caches:
  Other:
    Other: 28.94 KB (1 entry)
    Buffer Object: 2.94 KB (6 entries)
    GrVkImage: 960.00 KB (4 entries)
  Scratch:
    GrVkTextureRenderTarget: 62.85 MB (8 entries)
    Surface: 6.00 MB (4 entries)
    Buffer Object: 654.00 KB (15 entries)
    GrVkImage: 448.00 KB (21 entries)
  Image:
    Surface: 3.25 MB (6 entries)
Total GPU memory usage:
  77742384 bytes, 74.14 MB (14.47 MB is purgeable)
Detail dimensions: 
Surface:				16560		{69x60}	2
Surface:				75076		{137x137}	3
GrVkImage:				65536		{512x32}	2
GrVkImage:				0		{69x60}	2
GrVkImage:				0		{137x137}	3
Buffer Object:				49152		{0x0}	1
GrVkImage:				0		{2048x1024}	3
Surface:				2097152		{2048x1024}	3
GrVkImage:				0		{768x1024}	1
GrVkImage:				131072		{256x128}	2
Buffer Object:				30720		{0x0}	1
Surface:				3145728		{768x1024}	1
GrVkImage:				0		{1220x2656}	4
GrVkTextureRenderTarget:				12961280		{1220x2656}	4
Surface:				128		{128x1}	1
GrVkImage:				0		{128x1}	1
GrVkImage:				262144		{512x128}	2
GrVkImage:				0		{512x128}	1
GrVkImage:				0		{1472x2368}	1
GrVkImage:				0		{512x32}	1
GrVkImage:				0		{256x128}	1
Buffer Object:				264		{0x0}	1
Buffer Object:				186		{0x0}	1
GrVkImage:				524288		{512x256}	1
Buffer Object:				98304		{0x0}	1
GrVkTextureRenderTarget:				32768		{256x128}	1
GrVkTextureRenderTarget:				13942784		{1472x2368}	1
GrVkTextureRenderTarget:				16384		{512x32}	1
Buffer Object:				32768		{0x0}	9
Buffer Object:				65536		{0x0}	3
Buffer Object:				272		{0x0}	1
Buffer Object:				192		{0x0}	1
Buffer Object:				1920		{0x0}	1
Buffer Object:				180		{0x0}	1
GrVkTextureRenderTarget:				65536		{512x128}	1

GraphicBufferAllocator buffers:
            Handle |         Size |     W (Stride) x H | Layers |   Format |      Usage | Requestor
0xb400007badcb6b30 | 13280.00 KiB | 1220 (1280) x 2656 |      1 |        1 | 0x10000b00 | VRI[MainActivity]#5(BLAST Consumer)5
0xb400007badcb8080 | 13280.00 KiB | 1220 (1280) x 2656 |      1 |        1 | 0x10000b00 | VRI[MainActivity]#5(BLAST Consumer)5
0xb400007badcb81e0 | 13280.00 KiB | 1220 (1280) x 2656 |      1 |        1 | 0x10000b00 | VRI[MainActivity]#5(BLAST Consumer)5
0xb400007badcb93c0 | 13280.00 KiB | 1220 (1280) x 2656 |      1 |        1 | 0x10000b00 | VRI[MainActivity]#5(BLAST Consumer)5
0xb400007badcc5f40 |   102.75 KiB |  137 ( 192) x  137 |      1 |        1 | 0x     100 | AHardwareBuffer pid [8490]
0xb400007badcc9c70 |   102.75 KiB |  137 ( 192) x  137 |      1 |        1 | 0x     100 | AHardwareBuffer pid [8490]
0xb400007badcdd5f0 |    30.00 KiB |   69 ( 128) x   60 |      1 |        1 | 0x     100 | AHardwareBuffer pid [8490]
0xb400007badce1a00 |    30.00 KiB |   69 ( 128) x   60 |      1 |        1 | 0x     100 | AHardwareBuffer pid [8490]
0xb400007badd03240 |  3072.00 KiB |  768 ( 768) x 1024 |      1 |        1 | 0x     100 | AHardwareBuffer pid [8490]
0xb400007baddd8650 |   102.75 KiB |  137 ( 192) x  137 |      1 |        1 | 0x     100 | AHardwareBuffer pid [8490]
Total allocated by GraphicBufferAllocator (estimate): 56560.25 KB
Imported gralloc buffers:
+ name:VRI[MainActivity]#5(BLAST Consumer)5, id:283975, size:13364.00KiB, w/h:1220x2656, usage: 0x10000b00, req fmt:1, fourcc/mod:0/0, dataspace: 0x8810000, compressed: true
+ name:VRI[MainActivity]#5(BLAST Consumer)5, id:283974, size:13364.00KiB, w/h:1220x2656, usage: 0x10000b00, req fmt:1, fourcc/mod:0/0, dataspace: 0x8810000, compressed: true
+ name:VRI[MainActivity]#5(BLAST Consumer)5, id:283973, size:13364.00KiB, w/h:1220x2656, usage: 0x10000b00, req fmt:1, fourcc/mod:0/0, dataspace: 0x8810000, compressed: true
+ name:AHardwareBuffer pid [8490], id:283834, size:32.00KiB, w/h:69x60, usage: 0x100, req fmt:1, fourcc/mod:875708993/0, dataspace: 0x0, compressed: false
+ name:VRI[MainActivity]#5(BLAST Consumer)5, id:283976, size:13364.00KiB, w/h:1220x2656, usage: 0x10000b00, req fmt:1, fourcc/mod:0/0, dataspace: 0x8810000, compressed: true
+ name:AHardwareBuffer pid [8490], id:283827, size:104.00KiB, w/h:137x137, usage: 0x100, req fmt:1, fourcc/mod:875708993/0, dataspace: 0x0, compressed: false
+ name:AHardwareBuffer pid [8490], id:283812, size:32.00KiB, w/h:69x60, usage: 0x100, req fmt:1, fourcc/mod:875708993/0, dataspace: 0x0, compressed: false
+ name:AHardwareBuffer pid [8490], id:283835, size:3072.00KiB, w/h:768x1024, usage: 0x100, req fmt:1, fourcc/mod:875708993/0, dataspace: 0x0, compressed: false
+ name:AHardwareBuffer pid [8490], id:283824, size:104.00KiB, w/h:137x137, usage: 0x100, req fmt:1, fourcc/mod:875708993/0, dataspace: 0x0, compressed: false
+ name:AHardwareBuffer pid [8490], id:283833, size:104.00KiB, w/h:137x137, usage: 0x100, req fmt:1, fourcc/mod:875708993/0, dataspace: 0x0, compressed: false
Total imported by gralloc: 56904.00KiB

Profile data in ms:

	com.chasel.ng2.n/com.chasel.ng2n.MainActivity/android.view.ViewRootImpl@f99ef86 (visibility=0)
Window: com.chasel.ng2.n/com.chasel.ng2n.MainActivity
Stats since: 286373496325129ns
Total frames rendered: 1546
Janky frames: 1 (0.06%)
Janky frames (legacy): 18 (1.16%)
50th percentile: 5ms
90th percentile: 11ms
95th percentile: 12ms
99th percentile: 13ms
Number Missed Vsync: 0
Number High input latency: 2980
Number Slow UI thread: 1
Number Slow bitmap uploads: 0
Number Slow issue draw commands: 1
Number Frame deadline missed: 1
Number Frame deadline missed (legacy): 0
HISTOGRAM: 5ms=930 6ms=34 7ms=16 8ms=84 9ms=256 10ms=48 11ms=54 12ms=76 13ms=36 14ms=8 15ms=4 16ms=0 17ms=0 18ms=0 19ms=0 20ms=0 21ms=0 22ms=0 23ms=0 24ms=0 25ms=0 26ms=0 27ms=0 28ms=0 29ms=0 30ms=0 31ms=0 32ms=0 34ms=0 36ms=0 38ms=0 40ms=0 42ms=0 44ms=0 46ms=0 48ms=0 53ms=0 57ms=0 61ms=0 65ms=0 69ms=0 73ms=0 77ms=0 81ms=0 85ms=0 89ms=0 93ms=0 97ms=0 101ms=0 105ms=0 109ms=0 113ms=0 117ms=0 121ms=0 125ms=0 129ms=0 133ms=0 150ms=0 200ms=0 250ms=0 300ms=0 350ms=0 400ms=0 450ms=0 500ms=0 550ms=0 600ms=0 650ms=0 700ms=0 750ms=0 800ms=0 850ms=0 900ms=0 950ms=0 1000ms=0 1050ms=0 1100ms=0 1150ms=0 1200ms=0 1250ms=0 1300ms=0 1350ms=0 1400ms=0 1450ms=0 1500ms=0 1550ms=0 1600ms=0 1650ms=0 1700ms=0 1750ms=0 1800ms=0 1850ms=0 1900ms=0 1950ms=0 2000ms=0 2050ms=0 2100ms=0 2150ms=0 2200ms=0 2250ms=0 2300ms=0 2350ms=0 2400ms=0 2450ms=0 2500ms=0 2550ms=0 2600ms=0 2650ms=0 2700ms=0 2750ms=0 2800ms=0 2850ms=0 2900ms=0 2950ms=0 3000ms=0 3050ms=0 3100ms=0 3150ms=0 3200ms=0 3250ms=0 3300ms=0 3350ms=0 3400ms=0 3450ms=0 3500ms=0 3550ms=0 3600ms=0 3650ms=0 3700ms=0 3750ms=0 3800ms=0 3850ms=0 3900ms=0 3950ms=0 4000ms=0 4050ms=0 4100ms=0 4150ms=0 4200ms=0 4250ms=0 4300ms=0 4350ms=0 4400ms=0 4450ms=0 4500ms=0 4550ms=0 4600ms=0 4650ms=0 4700ms=0 4750ms=0 4800ms=0 4850ms=0 4900ms=0 4950ms=0
50th gpu percentile: 3ms
90th gpu percentile: 9ms
95th gpu percentile: 11ms
99th gpu percentile: 12ms
GPU HISTOGRAM: 1ms=0 2ms=660 3ms=250 4ms=58 5ms=40 6ms=44 7ms=146 8ms=174 9ms=32 10ms=46 11ms=78 12ms=16 13ms=0 14ms=2 15ms=0 16ms=0 17ms=0 18ms=0 19ms=0 20ms=0 21ms=0 22ms=0 23ms=0 24ms=0 25ms=0 4950ms=0


RenderLite trim renderNode error: 0

---PROFILEDATA---
Flags,FrameTimelineVsyncId,IntendedVsync,Vsync,InputEventId,HandleInputStart,AnimationStart,PerformTraversalsStart,DrawStart,FrameDeadline,FrameStartTime,FrameInterval,WorkloadTarget,SyncQueued,SyncStart,IssueDrawCommandsStart,SwapBuffers,FrameCompleted,DequeueBufferDuration,QueueBufferDuration,GpuCompleted,SwapBuffersCompleted,DisplayPresentTime,CommandSubmissionCompleted,
32,153159435,286380574864702,286380574864702,0,286380575207991,286380575208512,286380575416845,286380575444085,286385037952226,286380575192106,8318912,13666666,286380575595804,286380575637783,286380575699866,286380576631220,286380578348304,7396,186406,286380578348304,286380576870491,7307502065682249069,286380576631220,
32,153159443,286380583183626,286380583183626,0,286380583656793,286380583657314,286380584136533,286380584169398,286385054590050,286380583640856,8318912,13666666,286380584247731,286380584292575,286380584365491,286380585239762,286380586993877,6198,195052,286380586993877,286380585507158,8169381708511007304,286380585239762,
32,153159451,286380591502538,286380591502538,0,286380591832627,286380591833460,286380592381168,286380592465856,286385071227874,286380591812783,8318912,13666666,286380592485127,286380592599762,286380592670231,286380593776898,286380595273720,7448,224427,286380595273720,286380594076741,8097283393133169494,286380593776898,
32,153159459,286380599821452,286380599821452,0,286380600355543,286380600356377,286380600668877,286380600703356,286385087865698,286380600333512,8318912,13666666,286380600919918,286380600952106,286380601141637,286380602680543,286380604407002,164531,185573,286380604407002,286380603001064,5431142508371378177,286380602680543,
32,153159467,286380608140363,286380608140363,0,286380608635023,286380608635908,286380608881793,286380608916012,286385104503522,286380608616533,8318912,13666666,286380609286064,286380609342627,286380609416012,286380610405752,286380612165335,8229,192709,286380612165335,286380610670804,8589934592,286380610405752,
32,153159475,286380616459262,286380616459262,0,286380617154918,286380617156012,286380617823304,286380617859189,286385121141345,286380617135700,8318911,13666666,286380618687054,286380618750908,286380618841168,286380619852991,286380621685908,9271,237500,286380621685908,286380620176481,0,286380619852991,
32,153159483,286380624778162,286380624778162,0,286380625760491,286380625761116,286380625992679,286380626024970,286385137779166,286380625743512,8318910,13666666,286380626274554,286380626318877,286380626383877,286380627324189,286380629023304,6406,242604,286380629023304,286380627625856,0,286380627324189,
32,153159491,286380633097092,286380633097092,0,286380634001325,286380634002731,286380634529398,286380634600908,286385154416987,286380633957887,8318911,13666666,286380634939345,286380635099814,286380635336637,286380636560543,286380638261585,24688,234896,286380638261585,286380636878408,0,286380636560543,
32,153159499,286380641415985,286380641415985,0,286380641873825,286380641874345,286380642116637,286380642153616,286385171054808,286380641854033,8318910,13666666,286380642386585,286380642420231,286380642506898,286380643443981,286380645161741,7448,155260,286380645161741,286380643654710,0,286380643443981,
32,153159507,286380649734894,286380649734894,0,286380650090491,286380650091273,286380650596793,286380650633616,286385187692628,286380650073200,8318910,13666666,286380650724189,286380650776012,286380650860543,286380651848668,286380653586377,6667,173386,286380653586377,286380652076741,0,286380651848668,
32,153159515,286380658053819,286380658053819,0,286380658351325,286380658352054,286380658825908,286380658853668,286385204330449,286380658335856,8318911,13666666,286380658867106,286380658913043,286380658990439,286380659916481,286380661603043,6250,175781,286380661603043,286380660144085,0,286380659916481,
32,153159523,286380666372728,286380666372728,0,286380666717366,286380666718043,286380666998773,286380667026689,286385220968271,286380666692731,8318911,13666666,286380667195804,286380667240595,286380667308720,286380668176064,286380669836637,6615,244688,286380669836637,286380668477366,0,286380668176064,
32,153159531,286380674691639,286380674691639,0,286380675052002,286380675052627,286380675607627,286380675642835,286385237606093,286380675035491,8318911,13666666,286380676404502,286380676464033,286380676532054,286380677328773,286380679236012,7396,150520,286380679236012,286380677533252,0,286380677328773,
32,153159539,286380683010548,286380683010548,0,286380683436793,286380683437731,286380683640595,286380683674137,286385254243915,286380683419658,8318911,13666666,286380683878929,286380683904658,286380683971637,286380684897991,286380686537366,5468,138958,286380686537366,286380685086793,0,286380684897991,
32,153159547,286380691329460,286380691329460,0,286380691731272,286380691731845,286380691958825,286380691989658,286385270881735,286380691714397,8318909,13666666,286380692172939,286380692199502,286380692259345,286380693103877,286380694716064,5000,140625,286380694716064,286380693295595,0,286380693103877,
32,153159555,286380699648344,286380699648344,0,286380700052835,286380700053460,286380700262679,286380700296012,286385287519553,286380700036116,8318909,13666666,286380700472262,286380700509450,286380700572887,286380701312939,286380703110127,6302,139271,286380703110127,286380701506793,0,286380701312939,
32,153159563,286380707967256,286380707967256,0,286380708292106,286380708292731,286380708497366,286380708528668,286385304157372,286380708274554,8318910,13666666,286380708690491,286380708717679,286380708787575,286380709512835,286380711147106,6250,140573,286380711147106,286380709704293,0,286380709512835,
32,153159571,286380716286183,286380716286183,0,286380716604866,286380716605439,286380717009397,286380717038720,286385320795192,286380716589345,8318910,13666666,286380717119814,286380717171793,286380717240075,286380717961950,286380719625543,7031,137604,286380719625543,286380718150387,0,286380717961950,
32,153159579,286380724605092,286380724605092,0,286380725128408,286380725129033,286380725530856,286380725555231,286385337433011,286380725111429,8318909,13666666,286380725567731,286380725603668,286380725660075,286380726363825,286380728039345,6823,128594,286380728039345,286380726541012,0,286380726363825,
32,153159587,286380732923990,286380732923990,0,286380733367627,286380733368564,286380733672106,286380733706116,286385354070829,286380733345700,8318909,13666666,286380733901429,286380733934814,286380734023564,286380735073356,286380736848668,9271,195572,286380736848668,286380735339554,0,286380735073356,
32,153159595,286380741242899,286380741242899,0,286380741608668,286380741609345,286380741820283,286380741852366,286385370708647,286380741592106,8318909,13666666,286380742022314,286380742050804,286380742109658,286380742845127,286380744476481,6302,142031,286380744476481,286380743040075,0,286380742845127,
32,153159603,286380749561808,286380749561808,0,286380749996272,286380749996897,286380750191325,286380750222210,286385387346465,286380749980700,8318909,13666666,286380750377002,286380750407106,286380750469345,286380751200491,286380752863095,6302,134583,286380752863095,286380751383043,0,286380751200491,
32,153159611,286380757880716,286380757880716,0,286380758557522,286380758559189,286380759378304,286380759437054,286385403984284,286380758515491,8318910,13666666,286380759995439,286380760062158,286380760197887,286380761222314,286380763031429,11563,202031,286380763031429,286380761480908,0,286380761222314,
32,153159619,286380766199641,286380766199641,0,286380766945231,286380766946220,286380767180335,286380767206377,286385420622104,286380766931220,8318910,13666666,286380767405335,286380767494762,286380767630387,286380768737470,286380770583304,7344,199375,286380770583304,286380768985960,0,286380768737470,
32,153159627,286380774518537,286380774518537,0,286380774902470,286380774903408,286380775143772,286380775179710,286385437259923,286380774875075,8318909,13666666,286380775378460,286380775408668,286380775462887,286380776109814,286380778747262,5625,122864,286380778747262,286380776271168,0,286380776109814,
32,153159635,286380782837446,286380782837446,0,286380783255647,286380783256220,286380784149033,286380784191845,286385453897741,286380783238929,8318909,13666666,286380784292887,286380784354450,286380784422939,286380785193095,286380787258616,4375,216146,286380787258616,286380785458356,0,286380785193095,
32,153159643,286380791156357,286380791156357,0,286380791722679,286380791723668,286380792194918,286380792223877,286385470535559,286380791707002,8318909,13666666,286380792237418,286380792362522,286380792664241,286380793739241,286380795615647,6093,301094,286380795615647,286380794089658,0,286380793739241,
32,153159651,286380799475290,286380799475290,0,286380800151481,286380800152210,286380800520647,286380800557054,286385487173379,286380800136637,8318911,13666666,286380800772835,286380800879241,286380801001741,286380801721012,286380803560700,5989,141094,286380803560700,286380801910804,0,286380801721012,
32,153159659,286380807794207,286380807794207,0,286380808261064,286380808262002,286380808545960,286380808583772,286385503811201,286380808238668,8318911,13666666,286380809022939,286380809083720,286380809164658,286380810171168,286380813034918,5365,153750,286380813034918,286380810382522,0,286380810171168,
32,153159667,286380816113118,286380816113118,0,286380816588200,286380816588929,286380816885127,286380816930231,286385520449023,286380816561116,8318911,13666666,286380817148147,286380817221481,286380817308408,286380818096845,286380820023043,6563,160157,286380820023043,286380818317939,0,286380818096845,
32,153159675,286380824432027,286380824432027,0,286380824915856,286380824916429,286380825138252,286380825168772,286385537086845,286380824900439,8318911,13666666,286380825424450,286380825575804,286380825677679,286380826410804,286380828467679,11354,148282,286380828467679,286380826608877,0,286380826410804,
32,153159683,286380832750941,286380832750941,0,286380833083720,286380833084189,286380833700595,286380833733460,286385553724667,286380833068720,8318911,13666666,286380834498720,286380834616012,286380834684918,286380835413825,286380837761064,7969,127916,286380837761064,286380835587731,0,286380835413825,
32,153159691,286380841069850,286380841069850,0,286380841522835,286380841523564,286380841732731,286380841759189,286385570362489,286380841506689,8318911,13666666,286380841955179,286380841991897,286380842114137,286380842851533,286380844683720,7135,144270,286380844683720,286380843043460,0,286380842851533,
32,153159699,286380849388762,286380849388762,0,286380849685022,286380849685283,286380849759762,286380849770179,286385587000311,286380849679450,8318911,13666666,286380849833668,286380849872106,286380849980804,286380850768981,286380852420491,6355,136459,286380852420491,286380850957314,0,286380850768981,
32,153159707,286380857707673,286380857707673,0,286380858087418,286380858088356,286380858664970,286380858707418,286385603638133,286380858058720,8318911,13666666,286380858821950,286380858878200,286380858953043,286380859706533,286380861293408,6146,152657,286380861293408,286380859903668,0,286380859706533,
32,153159715,286380866026587,286380866026587,0,286380866396377,286380866397054,286380867130075,286380867171741,286385620275955,286380866370283,8318911,13666666,286380867190543,286380867224606,286380867297575,286380868096377,286380869854293,7605,120989,286380869854293,286380868264658,0,286380868096377,
32,153159723,286380874345524,286380874345524,0,286380874640179,286380874640647,286380874891585,286380874926377,286385636913779,286380874618981,8318913,13666666,286380875107314,286380875154606,286380875216637,286380875893981,286380877598616,5468,190729,286380877598616,286380876129189,0,286380875893981,
32,153159731,286380882664437,286380882664437,0,286380882976533,286380882976897,286380883172054,286380883203304,286385653551605,286380882960543,8318913,13666666,286380883390700,286380883437783,286380883519710,286380884292314,286380885890491,6875,169740,286380885890491,286380884510491,0,286380884292314,
32,153159739,286380890983348,286380890983348,0,286380891485491,286380891486168,286380891721689,286380891761585,286385670189431,286380891463981,8318913,13666666,286380891948356,286380891992887,286380892085283,286380892890179,286380894635127,6511,146093,286380894635127,286380893087783,0,286380892890179,
32,153159747,286380899302263,286380899302263,0,286380899673981,286380899718095,286380899965647,286380900031741,286385686827257,286380899656481,8318913,13666666,286380900243512,286380900287418,286380900351377,286380901086950,286380902843095,7135,146093,286380902843095,286380901286793,0,286380901086950,
32,153159755,286380907621177,286380907621177,0,286380907917210,286380907917835,286380908143616,286380908216116,286385703465083,286380907902158,8318913,13666666,286380908381533,286380908413668,286380908477939,286380909244866,286380910917887,5052,141250,286380910917887,286380909437574,0,286380909244866,
32,153159763,286380915940091,286380915940091,0,286380916210699,286380916211272,286380916439762,286380916473095,286385720102909,286380916195960,8318913,13666666,286380916667679,286380916719085,286380916796585,286380917602314,286380919426689,6719,160000,286380919426689,286380917819293,0,286380917602314,
32,153159771,286380924259020,286380924259020,0,286380924553043,286380924553668,286380925281897,286380925323929,286385736740736,286380924537835,8318914,13666666,286380926203720,286380926270699,286380926382731,286380927648668,286380929425127,10781,216093,286380929425127,286380927947522,0,286380927648668,
32,153159779,286380932577929,286380932577929,0,286380933000595,286380933001220,286380933305283,286380933340856,286385753378564,286380932982106,8318914,13666666,286380933526845,286380933609241,286380933664137,286380935288981,286380937568460,219323,360782,286380937568460,286380935772470,0,286380935288981,
32,153159787,286380940896830,286380940896830,0,286380941268043,286380941268564,286380941441689,286380941466949,286385770016391,286380941255699,8318913,13666666,286380941639241,286380941741168,286380941841272,286380942509814,286380944110022,6771,175573,286380944110022,286380942737106,0,286380942509814,
32,153159795,286380949215730,286380949215730,0,286380949477366,286380949477991,286380949721897,286380949747002,286385786654216,286380949464137,8318912,13666666,286380949960543,286380949989814,286380950068824,286380950777054,286380952874241,5157,263281,286380952874241,286380951084449,0,286380950777054,
32,153159803,286380957534659,286380957534659,0,286380958025335,286380958026793,286380958665960,286380958735856,286385803292041,286380957977627,8318913,13666666,286380959111689,286380959184449,286380959332106,286380960412106,286380962719554,15468,202083,286380962719554,286380960684345,0,286380960412106,
32,153159811,286380965853556,286380965853556,0,286380966471637,286380966472262,286380966714241,286380966749189,286385819929866,286380966455491,8318912,13666666,286380966933824,286380966969137,286380967049397,286380967914085,286380969914241,8906,172812,286380969914241,286380968137470,0,286380967914085,
32,153159819,286380974172465,286380974172465,0,286380974444918,286380974445491,286380974695908,286380974726741,286385836567690,286380974430231,8318912,13666666,286380974948877,286380975002002,286380975093720,286380976026533,286380977850022,7396,183698,286380977850022,286380976267002,0,286380976026533,
32,153159827,286380982491376,286380982491376,0,286380983175335,286380983176168,286380983391377,286380983417106,286385853205514,286380983160439,8318912,13666666,286380983568929,286380983635491,286380983769137,286380984783356,286380986607939,9896,225885,286380986607939,286380985066064,0,286380984783356,
32,153159835,286380990810275,286380990810275,0,286380991260387,286380991261377,286380991523564,286380991563824,286385869843337,286380991236585,8318911,13666666,286380991771168,286380991822991,286380991891064,286380992738877,286380994549918,7656,213021,286380994549918,286380993005856,0,286380992738877,
32,153159843,286380999129186,286380999129186,0,286380999707939,286380999708772,286381000308252,286381000332887,286385886481159,286380999692470,8318911,13666666,286381000409137,286381000531064,286381000712783,286381001543356,286381003519866,8541,278230,286381003519866,286381001877939,0,286381001543356,
32,153159851,286381007448068,286381007448068,0,286381007962314,286381007962939,286381008354658,286381008375231,286385903118979,286381007948252,8318909,13666666,286381008388668,286381008458564,286381008622262,286381009401845,286381011272418,6510,173490,286381011272418,286381009630127,0,286381009401845,
32,153159859,286381015766982,286381015766982,0,286381016311949,286381016312939,286381016759866,286381016798095,286385919756797,286381016275960,8318909,13666666,286381017110127,286381017171429,286381017250074,286381018006012,286381020233095,7760,212187,286381020233095,286381018277002,0,286381018006012,
32,153159867,286381024085894,286381024085894,0,286381024483043,286381024483668,286381024727054,286381024765283,286385936394615,286381024462679,8318909,13666666,286381024970543,286381025027314,286381025107522,286381025882679,286381027575699,6458,139218,286381027575699,286381026071272,0,286381025882679,
32,153159875,286381032404805,286381032404805,0,286381032662158,286381032662574,286381032892054,286381032931168,286385953032433,286381032642470,8318909,13666666,286381033252158,286381033296689,286381033365804,286381034192470,286381035928824,7292,157240,286381035928824,286381034403095,0,286381034192470,
32,153159883,286381040723714,286381040723714,0,286381041177939,286381041178616,286381041412835,286381041447783,286385969670251,286381041160335,8318909,13666666,286381041631637,286381041689762,286381041762002,286381042604606,286381044318877,6979,153958,286381044318877,286381042811793,0,286381042604606,
32,153159891,286381049042625,286381049042625,0,286381049356637,286381049357262,286381049564189,286381049595543,286385986308069,286381049339085,8318909,13666666,286381049780699,286381049833199,286381049903824,286381050685335,286381052444710,6979,142708,286381052444710,286381050880022,0,286381050685335,
32,153159899,286381057361539,286381057361539,0,286381057812939,286381057813877,286381058007783,286381058037158,286386002945887,286381057797731,8318909,13666666,286381058212835,286381058257470,286381058327679,286381059120022,286381060916741,6875,154531,286381060916741,286381059329866,0,286381059120022,
32,153159907,286381065680461,286381065680461,0,286381066553460,286381066554189,286381066787054,286381066824814,286386019583706,286381066535647,8318910,13666666,286381067027731,286381067097470,286381067185856,286381068173772,286381069911845,6823,159062,286381069911845,286381068391168,0,286381068173772,
32,153159915,286381073999373,286381073999373,0,286381074317574,286381074318304,286381074534449,286381074565647,286386036221526,286381074301689,8318910,13666666,286381074749710,286381074799762,286381074875074,286381075886429,286381077535022,8334,186094,286381077535022,286381076132366,125780153691231,286381075886429,
32,153159923,286381082318298,286381082318298,0,286381082747210,286381082747783,286381083301220,286381083333929,286386052859347,286381082729970,8318911,13666666,286381083349033,286381083407574,286381083464814,286381084265699,286381086007835,6927,150208,286381086007835,286381084469554,7309464732524569964,286381084265699,
32,153159931,286381090637220,286381090637220,0,286381090920699,286381090921377,286381091786324,286381091816116,286386069497170,286381090903564,8318912,13666666,286381092474710,286381092535908,286381092615387,286381093498043,286381095635283,8281,155729,286381095635283,286381093713824,8100961328684823647,286381093498043,
32,153159946,286381098956134,286381098956134,0,286381099218668,286381099219137,286381099417002,286381099448668,286386086134994,286381099202835,8318912,13666666,286381099639345,286381099678616,286381099748720,286381100539033,286381102540387,6354,150573,286381102540387,286381100743877,7809911830588908916,286381100539033,
32,153159961,286381107275063,286381107275063,0,286381107583668,286381107584241,286381107762939,286381107787835,286386102772819,286381107572522,8318913,13666666,286381107934970,286381107980231,286381108047939,286381108662054,286381110617158,5364,97761,286381110617158,286381108800387,7306085877491393385,286381108662054,
32,153159976,286381115593976,286381115593976,0,286381115855387,286381115856168,286381116068824,286381116094762,286386119410645,286381115841272,8318913,13666666,286381116313616,286381116372158,286381116434918,286381117372991,286381121212314,5989,153854,286381121212314,286381117587054,8097316434837661042,286381117372991,
32,153159984,286381123912915,286381123912915,0,286381124194762,286381124195543,286381124390960,286381124418304,286386136048473,286381124179293,8318915,13666666,286381124571064,286381124635231,286381124715751,286381125667418,286381127332835,5416,146875,286381127332835,286381125866429,0,286381125667418,
32,153159992,286381132231812,286381132231812,0,286381132613564,286381132614397,286381132837158,286381132866845,286386152686302,286381132597783,8318914,13666666,286381133047210,286381133099606,286381133167001,286381134086376,286381136513929,6354,186875,286381136513929,286381134328356,0,286381134086376,
32,153160000,286381140550758,286381140550758,0,286381140886689,286381140887626,286381141342783,286381141373147,286386169324132,286381140873824,8318916,13666666,286381141466429,286381141524866,286381141604918,286381142412054,286381144101064,7448,144791,286381144101064,286381142611272,0,286381142412054,
32,153160008,286381148869672,286381148869672,0,286381149135908,286381149136481,286381149688824,286381149719449,286386185961964,286381149122574,8318916,13666666,286381149737626,286381149784710,286381149853720,286381150611845,286381152441793,6355,147188,286381152441793,286381150811220,0,286381150611845,
32,153160016,286381157188589,286381157188589,0,286381157657626,286381157658512,286381157968981,286381158001429,286386202599796,286381157635022,8318916,13666666,286381158202574,286381158243616,286381158334085,286381159345647,286381161288876,8594,200625,286381161288876,286381159619918,0,286381159345647,
32,153160024,286381165507490,286381165507490,0,286381165928824,286381165929449,286381166180283,286381166215074,286386219237627,286381165908564,8318915,13666666,286381166408251,286381166456220,286381166533929,286381167384241,286381168952835,7708,144739,286381168952835,286381167586481,0,286381167384241,
32,153160032,286381173826407,286381173826407,0,286381174301689,286381174302418,286381174559137,286381174598043,286386235875457,286381174280439,8318915,13666666,286381174793876,286381174833616,286381174905074,286381175645960,286381177406272,6146,129427,286381177406272,286381175825647,0,286381175645960,
32,153160040,286381182145321,286381182145321,0,286381182496637,286381182497158,286381182704762,286381182735179,286386252513287,286381182480126,8318915,13666666,286381182899710,286381182992939,286381183068356,286381183897470,286381185631793,6927,190573,286381185631793,286381184140751,0,286381183897470,
32,153160048,286381190464235,286381190464235,0,286381190898304,286381190899241,286381191467001,286381191579137,286386269151117,286381190869814,8318915,13666666,286381192171585,286381192265179,286381192475543,286381194114554,286381197393929,15781,327239,286381197393929,286381194543043,0,286381194114554,
32,153160055,286381198783150,286381198783150,0,286381199340595,286381199341168,286381199539085,286381199566949,286386285788947,286381199325335,8318915,13666666,286381199722054,286381199751793,286381199817054,286381202868460,286381208087626,2148854,128178,286381208087626,286381203042158,0,286381202868460,
32,153160063,286381207102046,286381207102046,0,286381207651376,286381207651949,286381207949085,286381207987106,286386302426776,286381207631324,8318914,13666666,286381208279137,286381208471429,286381208545283,286381210153929,286381218184554,717864,198646,286381218184554,286381210408512,0,286381210153929,
32,153160071,286381215420946,286381215420946,0,286381215808147,286381215808720,286381216156845,286381216254918,286386319064602,286381215791012,8318912,13666666,286381216576741,286381216642522,286381216712470,286381217609241,286381226913356,7239,587031,286381226913356,286381218256012,0,286381217609241,
32,153160079,286381223739845,286381223739845,0,286381224056376,286381224057314,286381224313199,286381224343668,286386335702426,286381223998460,8318912,13666666,286381224511845,286381224552574,286381224613824,286381225594918,286381235767835,5156,1382500,286381235767835,286381227144658,0,286381225594918,
32,153160087,286381232058773,286381232058773,0,286381233726272,286381233729137,286381235166689,286381235402001,286386352340251,286381233622001,8318913,13666666,286381236450074,286381236579293,286381237042366,286381241083408,286381244253304,3254844,137709,286381244253304,286381241262106,0,286381241083408,
32,153160102,286381240377656,286381240377656,0,286381240642887,286381240643408,286381240824189,286381240853616,286386368978075,286381240626376,8318911,13666666,286381240971272,286381241280543,286381241359189,286381243258408,286381250557314,1306563,1001093,286381250557314,286381244290022,0,286381243258408,
32,153160117,286381248696554,286381248696554,0,286381249051012,286381249051637,286381249259710,286381249314241,286386385615896,286381249032887,8318910,13666666,286381249461324,286381249483616,286381249534449,286381250280022,286381260508616,5000,303646,286381260508616,286381250637835,0,286381250280022,
32,153160132,286381257015464,286381257015464,0,286381257471741,286381257472939,286381257757470,286381257798095,286386402253716,286381257449970,8318910,13666666,286381258012887,286381258091324,286381258165960,286381259316741,286381266183772,9427,1216406,286381266183772,286381260611949,0,286381259316741,
32,153160147,286381265334378,286381265334378,0,286381266087574,286381266089033,286381266384658,286381266415491,286386418891536,286381266063304,8318910,13666666,286381266584762,286381266618512,286381266682939,286381267716845,286381276922158,200938,198334,286381276922158,286381267974345,0,286381267716845,
32,153160155,286381273653278,286381273653278,0,286381273955804,286381273956793,286381274161637,286381274192679,286386435529355,286381273911481,8318909,13666666,286381274368981,286381274417679,286381274476012,286381275311012,286381285570074,7761,1628021,286381285570074,286381277004710,0,286381275311012,
32,153160163,286381281972187,286381281972187,0,286381282232991,286381282233772,286381282772158,286381282802574,286386452167173,286381282216376,8318909,13666666,286381283426793,286381283460231,286381283524658,286381284425647,286381293697991,6406,1158959,286381293697991,286381285638199,0,286381284425647,
32,153160171,286381290291095,286381290291095,0,286381290670960,286381290671585,286381290856012,286381290883668,286386468804990,286381290654814,8318908,13666666,286381291056116,286381291095231,286381291154501,286381292034293,286381302183251,6823,1673906,286381302183251,286381293767314,0,286381292034293,
32,153160179,286381298609990,286381298609990,0,286381298866949,286381298867522,286381299055179,286381299083981,286386485442806,286381298851429,8318908,13666666,286381299234606,286381299271793,286381299327470,286381300170179,286381310339293,5990,2095469,286381310339293,286381302332210,0,286381300170179,
32,153160187,286381306928897,286381306928897,0,286381307293043,286381307293668,286381307455387,286381307479970,286386502080622,286381307280022,8318908,13666666,286381307615908,286381307652574,286381307703981,286381308567679,286381318100335,6198,1854791,286381318100335,286381310484606,0,286381308567679,
32,153160195,286381315247805,286381315247805,0,286381315699606,286381315700543,286381315919762,286381315953408,286386518718438,286381315681012,8318908,13666666,286381316190439,286381316226064,286381316333304,286381317952574,286381324793564,200990,220417,286381324793564,286381318254501,0,286381317952574,
32,153160203,286381323566719,286381323566719,0,286381324255126,286381324256012,286381324728876,286381324771689,286386535356254,286381324224814,8318908,13666666,286381325172418,286381325258876,286381325401949,286381327185283,286381333923408,479115,217604,286381333923408,286381327480543,0,286381327185283,
32,153160211,286381331885658,286381331885658,0,286381332432054,286381332433304,286381332912835,286381332986533,286386551994072,286381332406793,8318910,13666666,286381333358199,286381333419449,286381333604345,286381337937939,286381343136845,2858490,215937,286381343136845,286381338224814,0,286381337937939,
32,153160219,286381340204588,286381340204588,0,286381340833304,286381340835960,286381341262366,286381341315647,286386568631893,286381340780387,8318911,13666666,286381341579241,286381341693981,286381341775074,286381342926533,286381350549866,14583,301614,286381350549866,286381343297887,0,286381342926533,
32,153160227,286381348523494,286381348523494,0,286381348757262,286381348757835,286381349004189,286381349036637,286386585269715,286381348741272,8318911,13666666,286381349176845,286381349190022,286381349242783,286381349969189,286381360973460,4427,600313,286381360973460,286381350613408,0,286381349969189,
32,153160235,286381356842405,286381356842405,0,286381357309918,286381357310595,286381357533095,286381357563928,286386601907537,286381357292887,8318911,13666666,286381357730387,286381357785074,286381357861585,286381358939970,286381370197418,6406,2169114,286381370197418,286381361181012,0,286381358939970,
32,153160243,286381365161314,286381365161314,0,286381365428303,286381365429085,286381366034710,286381366075283,286386618545359,286381365412418,8318911,13666666,286381366248095,286381366306272,286381366395387,286381367369397,286381377492001,6562,2860417,286381377492001,286381370300491,0,286381367369397,
32,153160251,286381373480228,286381373480228,0,286381374000595,286381374002991,286381374299866,286381374333303,286386635183181,286381373974606,8318911,13666666,286381374506897,286381374564606,286381374629501,286381375541376,286381385705178,5625,2052709,286381385705178,286381377666064,0,286381375541376,
32,153160259,286381381799136,286381381799136,0,286381382166533,286381382167366,286381382383251,286381382413512,286386651821003,286381382082053,8318911,13666666,286381382569762,286381382609814,286381382674345,286381383519918,286381393809033,6563,2288489,286381393809033,286381385877470,0,286381383519918,
32,153160267,286381390118031,286381390118031,0,286381390468251,286381390469033,286381390656689,286381390685283,286386668458824,286381390450908,8318910,13666666,286381390974814,286381391033512,286381391098356,286381391953460,286381402393408,6615,1949584,286381402393408,286381393970022,0,286381391953460,
32,153160275,286381398436954,286381398436954,0,286381398968043,286381398968720,286381399162366,286381399189918,286386685096645,286381398952418,8318911,13666666,286381399335960,286381399377731,286381399434501,286381400296428,286381409200022,6042,2198229,286381409200022,286381402560022,0,286381400296428,
32,153160283,286381406755868,286381406755868,0,286381407107783,286381407108356,286381407316064,286381407350543,286386701734467,286381407089762,8318911,13666666,286381407512210,286381407575699,286381407641741,286381408529033,286381418337470,6198,690260,286381418337470,286381409281324,0,286381408529033,
32,153160291,286381415074865,286381415074865,0,286381415529970,286381415530491,286381415863147,286381415932939,286386718372294,286381415516324,8318916,13666666,286381416120647,286381416230231,286381416312158,286381417203876,286381426506064,6875,1149167,286381426506064,286381418407887,0,286381417203876,
32,153160299,286381423393779,286381423393779,0,286381423687939,286381423688512,286381423884033,286381423915074,286386735010126,286381423668303,8318916,13666666,286381424087522,286381424153876,286381424213824,286381425023772,286381435655543,5469,1510260,286381435655543,286381426597470,0,286381425023772,
32,153160307,286381431712675,286381431712675,0,286381432141012,286381432141533,286381432338460,286381432365543,286386751647958,286381432125699,8318916,13666666,286381432509553,286381432552314,286381432611689,286381433492470,286381443789397,6146,2276042,286381443789397,286381435839762,0,286381433492470,
32,153160315,286381440031599,286381440031599,0,286381440429814,286381440430335,286381440624553,286381440654241,286386768285790,286381440414189,8318916,13666666,286381440809241,286381440851793,286381440918928,286381441784762,286381451649137,6770,2031042,286381451649137,286381443883095,0,286381441784762,
32,153160323,286381448350500,286381448350500,0,286381448977522,286381448978043,286381449135283,286381449158824,286386784923621,286381448963460,8318915,13666666,286381449312001,286381449353668,286381449414553,286381450284189,286381459091533,7709,1388854,286381459091533,286381451727001,0,286381450284189,
32,153160331,286381456669414,286381456669414,0,286381457080022,286381457080699,286381457302887,286381457330856,286386801561451,286381457064553,8318915,13666666,286381457604814,286381457648356,286381457714033,286381458681324,286381469186741,7031,433698,286381469186741,286381459167522,0,286381458681324,
32,153160339,286381464988315,286381464988315,0,286381465464501,286381465465335,286381465753356,286381465790543,286386818199279,286381465442366,8318913,13666666,286381465983772,286381466047053,286381466136533,286381467225439,286381475215387,9167,1971250,286381475215387,286381469284137,0,286381467225439,
32,153160347,286381473307216,286381473307216,0,286381475233460,286381475236689,286381476112522,286381476206324,286386834837105,286381475160231,8318913,13666666,286381476682783,286381476778408,286381477035126,286381478179710,286381485985647,5313,291875,286381485985647,286381478528460,0,286381478179710,
32,153160355,286381481626118,286381481626118,0,286381482177626,286381482177991,286381482369814,286381482397574,286386851474930,286381482158928,8318912,13666666,286381482566116,286381482609189,286381482673928,286381483368564,286381491665491,4844,2636354,286381491665491,286381486053668,0,286381483368564,
32,153160363,286381489945027,286381489945027,0,286381490163356,286381490163876,286381490306324,286381490327887,286386868112754,286381490147262,8318912,13666666,286381490444189,286381490485022,286381490527210,286381491128824,286381500470335,4427,538854,286381500470335,286381491705751,0,286381491128824,
32,153160371,286381498263930,286381498263930,0,286381498740387,286381498741376,286381499024501,286381499061324,286386884750578,286381498713564,8318912,13666666,286381499260543,286381499305751,286381499374762,286381500389814,286381507198720,7031,172083,286381507198720,286381500623668,0,286381500389814,
32,153160379,286381506582842,286381506582842,0,286381506817678,286381506818356,286381507018356,286381507048303,286386901388402,286381506801220,8318912,13666666,286381507242678,286381507278147,286381507332262,286381515697574,286381520115491,7505469,178333,286381520115491,286381515937470,0,286381515697574,
32,153160387,286381514901731,286381514901731,0,286381515586324,286381515587001,286381515830647,286381515861428,286386918026224,286381515571012,8318910,13666666,286381516026585,286381516077210,286381516138460,286381518533564,286381526987001,1557292,1590208,286381526987001,286381520173668,0,286381518533564,
32,153160395,286381523220641,286381523220641,0,286381523547522,286381523548043,286381523850856,286381523926064,286386934664044,286381523530022,8318910,13666666,286381524161428,286381524201376,286381524272731,286381525062418,286381534379397,5365,2018021,286381534379397,286381527142991,0,286381525062418,
32,153160403,286381531539555,286381531539555,0,286381531876585,286381531877366,286381532192626,286381532243668,286386951301864,286381531855960,8318910,13666666,286381532506533,286381532609814,286381532698251,286381534140699,286381544048928,222500,301510,286381544048928,286381534528616,0,286381534140699,
32,153160411,286381539858466,286381539858466,0,286381540501481,286381540502106,286381540855126,286381540903616,286386967939684,286381540480908,8318910,13666666,286381541161845,286381541236845,286381541424762,286381542651220,286381552638251,8385,1433906,286381552638251,286381544159918,7306934700536131427,286381542651220,
32,153160427,286381556496254,286381556496254,0,286381556999658,286381557000283,286381557382210,286381557426897,286386984577501,286381556981897,8318907,13666666,286381557655908,286381557713303,286381557792001,286381558648928,286381560595647,8437,187969,286381560595647,286381558901428,8318823021040067423,286381558648928,
32,153160443,286381573134066,286381573134066,0,286381573562262,286381573562835,286381573895699,286381573924658,286387001215314,286381573543408,8318906,13666666,286381574146272,286381574208355,286381574298147,286381575296480,286381577200178,11302,219583,286381577200178,286381575582783,6874028453762003572,286381575296480,
40,153160451,286381581453027,286381581453027,0,286381581886012,286381581886845,286381582039918,286381582067314,286381595119693,286381581870960,8318911,13666666,286381582080595,286381582228980,286380567480752,286380568321585,286380570029137,7083,143802,286380570029137,286380568518981,7956012745154194530,286380568321585,
---PROFILEDATA---


View hierarchy:

  com.chasel.ng2.n/com.chasel.ng2n.MainActivity/android.view.ViewRootImpl@f99ef86
  12 views, 22.77 kB of render nodes


  Dynamic VRI BBQ Log.  render_draw: false  hdr_dimmer: false  blur_blend: false  hwui_window_decor: false  sync_barrier: false

Total ViewRootImpl   : 1
Total attached Views : 12
Total RenderNode     : 22.77 kB (used) / 46.77 kB (capacity)

